1, 2
2, 1
3, 4
3, 5
3, 6
4, 3
5, 3
6, 3
6, 7
7, 6
7, 8
7, 50
8, 7
8, 9
9, 8
9, 10
9, 11
10, 9
11, 9
11, 12
12, 11
12, 13
12, 19
13, 12
13, 14
13, 15
14, 13
15, 13
15, 16
16, 15
16, 17
17, 16
17, 18
18, 17
19, 12
19, 20
19, 38
20, 19
20, 21
21, 20
21, 22
21, 23
22, 21
23, 21
23, 24
24, 23
24, 25
24, 26
25, 24
26, 24
26, 27
27, 26
27, 28
28, 27
28, 29
29, 28
29, 30
30, 29
30, 31
30, 32
31, 30
32, 30
32, 33
33, 32
33, 34
33, 35
34, 33
35, 33
35, 36
35, 37
36, 35
37, 35
38, 19
38, 39
39, 38
39, 40
39, 41
40, 39
41, 39
41, 42
42, 41
42, 43
42, 47
43, 42
43, 44
44, 43
44, 45
44, 46
45, 44
46, 44
47, 42
47, 48
47, 49
48, 47
49, 47
50, 7
50, 51
50, 52
51, 50
52, 50
66, 67
66, 53
66, 64
67, 66
67, 68
67, 69
68, 67
69, 67
69, 70
70, 69
70, 71
70, 72
71, 70
72, 70
72, 53
53, 66
53, 72
53, 54
54, 53
54, 55
54, 56
55, 54
56, 54
56, 57
56, 63
57, 56
57, 58
58, 57
58, 59
58, 60
59, 58
60, 58
60, 61
61, 60
61, 62
61, 63
62, 61
63, 56
63, 61
63, 64
64, 66
64, 63
64, 65
65, 64
73, 74
73, 78
73, 87
74, 73
74, 75
75, 74
75, 76
76, 75
76, 77
77, 76
77, 78
78, 73
78, 77
78, 79
79, 78
79, 80
79, 81
80, 79
81, 79
81, 82
81, 86
82, 81
82, 83
83, 82
83, 84
84, 83
84, 85
85, 84
85, 86
86, 81
86, 85
86, 87
87, 73
87, 86
87, 88
88, 87
123, 124
124, 123
124, 125
124, 112
125, 124
125, 126
125, 104
126, 125
126, 127
127, 126
127, 128
128, 127
128, 129
128, 133
129, 128
129, 130
130, 129
130, 131
131, 130
131, 132
131, 136
132, 131
132, 133
133, 128
133, 132
133, 134
134, 133
134, 135
135, 134
136, 131
136, 137
136, 103
137, 136
137, 138
138, 137
138, 139
139, 138
139, 140
139, 100
140, 139
140, 141
141, 140
141, 142
142, 141
142, 143
142, 89
143, 142
143, 144
143, 145
144, 143
145, 143
145, 146
145, 151
146, 145
146, 147
146, 148
147, 146
148, 146
148, 149
149, 148
149, 150
149, 95
150, 149
150, 151
151, 145
151, 150
151, 152
152, 151
152, 89
89, 142
89, 152
89, 90
90, 89
90, 91
90, 92
90, 93
91, 90
92, 90
93, 90
93, 94
94, 93
95, 149
95, 96
95, 97
95, 98
96, 95
97, 95
98, 95
98, 99
99, 98
100, 139
100, 101
100, 103
101, 100
101, 102
102, 101
103, 136
103, 100
104, 125
104, 105
104, 118
105, 104
105, 106
106, 105
106, 107
106, 112
107, 106
107, 108
108, 107
108, 109
108, 113
109, 108
109, 110
110, 109
110, 111
110, 112
111, 110
112, 124
112, 106
112, 110
113, 108
113, 114
113, 115
113, 116
114, 113
115, 113
116, 113
116, 117
117, 116
118, 104
118, 119
118, 120
118, 121
119, 118
120, 118
121, 118
121, 122
122, 121
153, 154
153, 159
154, 153
154, 155
155, 154
155, 156
155, 157
156, 155
157, 155
157, 158
158, 157
158, 159
159, 153
159, 158
159, 160
160, 159
160, 161
161, 160
161, 162
161, 163
162, 161
163, 161
164, 165
164, 166
164, 167
164, 174
165, 164
166, 164
167, 164
167, 168
167, 171
168, 167
168, 169
169, 168
169, 170
170, 169
171, 167
171, 172
172, 171
172, 173
173, 172
174, 164
174, 175
174, 179
175, 174
175, 176
176, 175
176, 177
177, 176
177, 178
177, 180
178, 177
178, 179
179, 174
179, 178
180, 177
180, 181
180, 182
181, 180
182, 180
183, 184
183, 191
184, 183
184, 185
185, 184
185, 186
185, 190
186, 185
186, 187
187, 186
187, 188
188, 187
188, 189
189, 188
189, 190
190, 185
190, 189
191, 183
191, 192
191, 197
192, 191
192, 193
193, 192
193, 194
194, 193
194, 195
194, 196
195, 194
196, 194
196, 197
197, 191
197, 196
197, 198
198, 197
201, 202
201, 208
201, 210
202, 201
202, 203
203, 202
203, 204
203, 205
204, 203
205, 203
205, 206
206, 205
206, 207
206, 208
207, 206
208, 201
208, 206
208, 209
209, 208
210, 201
210, 211
210, 199
211, 210
211, 212
212, 211
212, 213
212, 214
213, 212
214, 212
214, 215
215, 214
215, 216
215, 199
216, 215
199, 210
199, 215
199, 200
200, 199
217, 218
217, 219
217, 220
218, 217
219, 217
220, 217
220, 221
220, 226
221, 220
221, 222
222, 221
222, 223
223, 222
223, 224
223, 225
224, 223
225, 223
225, 226
226, 220
226, 225
226, 227
227, 226
239, 240
239, 241
239, 247
240, 239
241, 239
241, 242
241, 243
242, 241
243, 241
243, 244
243, 245
244, 243
245, 243
245, 246
246, 245
246, 247
246, 229
247, 239
247, 246
247, 248
248, 247
248, 249
249, 248
249, 228
228, 249
228, 229
228, 230
229, 246
229, 228
230, 228
230, 231
231, 230
231, 232
231, 233
231, 236
232, 231
233, 231
233, 234
234, 233
234, 235
235, 234
236, 231
236, 237
237, 236
237, 238
238, 237
250, 251
250, 252
251, 250
252, 250
252, 253
252, 265
253, 252
253, 254
253, 258
254, 253
254, 255
255, 254
255, 256
256, 255
256, 257
257, 256
257, 258
258, 253
258, 257
258, 259
259, 258
259, 260
259, 265
260, 259
260, 261
261, 260
261, 262
261, 263
262, 261
263, 261
263, 264
264, 263
264, 265
265, 252
265, 259
265, 264
266, 267
267, 266
267, 268
267, 273
268, 267
268, 269
269, 268
269, 270
270, 269
270, 271
270, 272
271, 270
272, 270
272, 273
273, 267
273, 272
273, 274
274, 273
274, 275
274, 276
275, 274
276, 274
276, 277
277, 276
277, 278
277, 282
278, 277
278, 279
279, 278
279, 280
280, 279
280, 281
280, 284
281, 280
281, 282
282, 277
282, 281
282, 283
283, 282
284, 280
284, 285
284, 286
285, 284
286, 284
296, 297
296, 290
297, 296
297, 298
298, 297
298, 299
298, 289
299, 298
299, 300
300, 299
300, 287
287, 300
287, 288
288, 287
288, 289
289, 298
289, 288
290, 296
290, 291
290, 295
291, 290
291, 292
292, 291
292, 293
293, 292
293, 294
294, 293
294, 295
295, 290
295, 294
301, 302
301, 303
301, 307
301, 311
302, 301
303, 301
303, 304
304, 303
304, 305
305, 304
305, 306
306, 305
307, 301
307, 308
308, 307
308, 309
309, 308
309, 310
310, 309
311, 301
311, 312
312, 311
312, 313
313, 312
313, 314
314, 313
326, 327
326, 328
326, 315
326, 322
327, 326
328, 326
328, 329
328, 334
329, 328
329, 330
330, 329
330, 331
331, 330
331, 332
331, 333
332, 331
333, 331
333, 334
334, 328
334, 333
315, 326
315, 316
315, 321
316, 315
316, 317
317, 316
317, 318
318, 317
318, 319
318, 320
319, 318
320, 318
320, 321
321, 315
321, 320
322, 326
322, 323
322, 324
322, 325
323, 322
324, 322
325, 322
335, 336
335, 341
335, 343
336, 335
336, 337
337, 336
337, 338
338, 337
338, 339
338, 340
339, 338
340, 338
340, 341
340, 342
341, 335
341, 340
342, 340
343, 335
343, 344
343, 350
344, 343
344, 345
345, 344
345, 346
346, 345
346, 347
346, 348
347, 346
348, 346
348, 349
348, 350
349, 348
350, 343
350, 348
359, 360
359, 361
360, 359
361, 359
361, 362
361, 356
362, 361
362, 363
363, 362
363, 351
363, 354
351, 363
351, 352
352, 351
352, 353
353, 352
354, 363
354, 355
355, 354
355, 356
356, 361
356, 355
356, 357
357, 356
357, 358
358, 357
364, 365
364, 366
365, 364
366, 364
366, 367
367, 366
367, 368
368, 367
368, 369
369, 368
369, 370
370, 369
371, 372
372, 371
372, 373
372, 374
373, 372
374, 372
374, 375
375, 374
375, 376
375, 380
376, 375
376, 377
377, 376
377, 378
378, 377
378, 379
379, 378
379, 380
380, 375
380, 379
381, 382
382, 381
382, 383
382, 399
383, 382
383, 384
383, 388
384, 383
384, 385
385, 384
385, 386
386, 385
386, 387
387, 386
387, 388
388, 383
388, 387
388, 389
389, 388
389, 390
389, 391
390, 389
391, 389
391, 392
391, 399
392, 391
392, 393
392, 394
393, 392
394, 392
394, 395
395, 394
395, 396
395, 397
396, 395
397, 395
397, 398
397, 399
398, 397
399, 382
399, 391
399, 397
400, 401
400, 402
400, 404
401, 400
402, 400
402, 403
403, 402
404, 400
404, 405
405, 404
415, 416
415, 406
415, 409
415, 412
416, 415
416, 417
416, 418
417, 416
418, 416
406, 415
406, 407
406, 408
407, 406
408, 406
409, 415
409, 410
409, 411
410, 409
411, 409
412, 415
412, 413
412, 414
413, 412
414, 412
419, 420
419, 423
420, 419
420, 421
421, 420
421, 422
422, 421
422, 423
422, 424
423, 419
423, 422
424, 422
424, 425
425, 424
429, 430
430, 429
430, 431
430, 443
431, 430
431, 432
431, 433
432, 431
433, 431
433, 434
433, 435
433, 426
434, 433
435, 433
435, 436
435, 442
436, 435
436, 437
436, 441
437, 436
437, 438
438, 437
438, 439
438, 442
439, 438
439, 440
439, 441
440, 439
440, 441
441, 436
441, 439
441, 440
442, 435
442, 438
442, 443
443, 430
443, 442
443, 444
443, 426
444, 443
426, 433
426, 443
426, 427
426, 428
427, 426
428, 426
447, 448
447, 453
448, 447
448, 449
448, 451
449, 448
449, 450
450, 449
451, 448
451, 452
452, 451
453, 447
453, 454
453, 445
454, 453
454, 455
455, 454
455, 456
456, 455
456, 457
457, 456
457, 445
445, 453
445, 457
445, 446
446, 445
458, 459
458, 460
459, 458
460, 458
460, 461
460, 462
461, 460
461, 462
462, 460
462, 461
463, 464
463, 469
463, 472
464, 463
464, 465
465, 464
465, 466
466, 465
466, 467
466, 468
467, 466
468, 466
468, 469
468, 470
469, 463
469, 468
470, 468
470, 471
471, 470
472, 463
472, 473
472, 480
473, 472
473, 474
474, 473
474, 475
475, 474
475, 476
475, 477
476, 475
477, 475
477, 478
477, 480
478, 477
478, 479
479, 478
480, 472
480, 477
481, 482
481, 486
482, 481
482, 483
483, 482
483, 484
483, 485
484, 483
485, 483
485, 486
486, 481
486, 485
486, 487
487, 486
488, 489
488, 496
489, 488
489, 490
490, 489
490, 491
491, 490
491, 492
491, 495
492, 491
492, 493
493, 492
493, 494
494, 493
494, 495
495, 491
495, 494
495, 496
496, 488
496, 495
503, 504
503, 505
503, 499
504, 503
504, 505
505, 503
505, 504
505, 506
506, 505
506, 497
497, 506
497, 498
498, 497
498, 499
498, 500
499, 503
499, 498
500, 498
500, 501
500, 502
501, 500
501, 502
502, 500
502, 501
507, 508
507, 509
508, 507
509, 507
509, 510
509, 523
510, 509
510, 511
511, 510
511, 512
511, 515
512, 511
512, 513
512, 514
513, 512
514, 512
515, 511
515, 516
515, 517
516, 515
517, 515
517, 518
517, 523
518, 517
518, 519
519, 518
519, 520
520, 519
520, 521
520, 522
521, 520
522, 520
522, 523
523, 509
523, 517
523, 522
536, 537
536, 541
536, 546
536, 529
537, 536
537, 538
538, 537
538, 539
538, 540
539, 538
540, 538
540, 541
540, 545
541, 536
541, 540
541, 542
542, 541
542, 543
543, 542
543, 544
544, 543
544, 545
545, 540
545, 544
546, 536
546, 547
546, 528
547, 546
547, 524
524, 547
524, 525
525, 524
525, 526
525, 527
526, 525
527, 525
527, 528
528, 546
528, 527
529, 536
529, 530
529, 535
530, 529
530, 531
531, 530
531, 532
532, 531
532, 533
532, 534
533, 532
534, 532
534, 535
535, 529
535, 534
548, 549
548, 550
548, 555
549, 548
550, 548
550, 551
551, 550
551, 552
551, 553
552, 551
553, 551
553, 554
554, 553
554, 555
554, 556
555, 548
555, 554
556, 554
556, 557
556, 558
556, 559
557, 556
558, 556
559, 556
559, 560
560, 559
561, 562
561, 566
562, 561
562, 563
563, 562
563, 564
564, 563
564, 565
565, 564
565, 566
565, 570
566, 561
566, 565
566, 567
567, 566
567, 568
568, 567
568, 569
569, 568
569, 570
569, 571
570, 565
570, 569
571, 569
571, 572
571, 580
572, 571
572, 573
572, 574
573, 572
574, 572
574, 575
574, 579
575, 574
575, 576
576, 575
576, 577
577, 576
577, 578
578, 577
578, 579
579, 574
579, 578
579, 580
580, 571
580, 579
580, 581
581, 580
582, 583
582, 594
583, 582
583, 584
584, 583
584, 585
585, 584
585, 586
585, 593
586, 585
586, 587
586, 588
587, 586
588, 586
588, 589
589, 588
589, 590
590, 589
590, 591
591, 590
591, 592
592, 591
593, 585
593, 594
593, 595
594, 582
594, 593
595, 593
595, 596
595, 597
596, 595
597, 595
597, 598
598, 597
598, 599
599, 598
599, 600
599, 604
600, 599
600, 601
601, 600
601, 602
602, 601
602, 603
603, 602
603, 604
604, 599
604, 603
605, 606
605, 607
605, 612
606, 605
607, 605
607, 608
608, 607
608, 609
608, 610
609, 608
610, 608
610, 611
611, 610
611, 612
611, 613
612, 605
612, 611
613, 611
613, 614
614, 613
614, 615
614, 616
615, 614
616, 614
639, 640
639, 641
639, 642
639, 621
640, 639
641, 639
642, 639
642, 643
643, 642
643, 644
643, 620
644, 643
644, 617
617, 644
617, 618
618, 617
618, 619
619, 618
619, 620
620, 643
620, 619
621, 639
621, 622
621, 626
622, 621
622, 623
623, 622
623, 624
624, 623
624, 625
624, 627
625, 624
625, 626
626, 621
626, 625
627, 624
627, 628
628, 627
628, 629
629, 628
629, 630
629, 635
630, 629
630, 631
631, 630
631, 632
632, 631
632, 633
632, 634
633, 632
634, 632
634, 635
634, 636
635, 629
635, 634
636, 634
636, 637
636, 638
637, 636
638, 636
652, 653
653, 652
653, 654
653, 655
653, 647
654, 653
655, 653
655, 656
656, 655
656, 657
657, 656
657, 658
658, 657
658, 659
658, 647
659, 658
659, 660
660, 659
660, 661
660, 645
661, 660
645, 660
645, 646
645, 648
646, 645
646, 647
647, 653
647, 658
647, 646
648, 645
648, 649
648, 650
648, 651
649, 648
650, 648
651, 648
662, 663
662, 664
662, 665
662, 666
663, 662
664, 662
665, 662
666, 662
666, 667
666, 672
667, 666
667, 668
668, 667
668, 669
668, 670
669, 668
670, 668
670, 671
671, 670
671, 672
672, 666
672, 671
672, 673
673, 672
677, 678
677, 679
678, 677
679, 677
679, 680
679, 676
680, 679
680, 681
680, 684
681, 680
681, 682
682, 681
682, 683
683, 682
683, 684
684, 680
684, 683
684, 685
685, 684
685, 686
686, 685
686, 687
686, 676
687, 686
687, 688
688, 687
688, 689
689, 688
689, 674
689, 675
674, 689
675, 689
675, 676
676, 679
676, 686
676, 675
690, 691
691, 690
691, 692
691, 717
692, 691
692, 693
693, 692
693, 694
693, 708
694, 693
694, 695
694, 696
695, 694
696, 694
696, 697
697, 696
697, 698
697, 705
698, 697
698, 699
699, 698
699, 700
699, 704
700, 699
700, 701
701, 700
701, 702
702, 701
702, 703
703, 702
703, 704
704, 699
704, 703
705, 697
705, 706
705, 707
706, 705
707, 705
708, 693
708, 709
708, 710
709, 708
710, 708
710, 711
710, 717
711, 710
711, 712
711, 713
712, 711
713, 711
713, 714
714, 713
714, 715
714, 716
715, 714
716, 714
716, 717
717, 691
717, 710
717, 716
730, 718
718, 730
718, 719
718, 729
719, 718
719, 720
720, 719
720, 721
720, 722
720, 723
721, 720
722, 720
723, 720
723, 724
724, 723
724, 725
724, 729
725, 724
725, 726
726, 725
726, 727
727, 726
727, 728
728, 727
728, 729
729, 718
729, 724
729, 728
733, 734
733, 740
733, 732
734, 733
734, 735
734, 749
735, 734
735, 736
736, 735
736, 737
737, 736
737, 738
737, 740
738, 737
738, 739
739, 738
740, 733
740, 737
740, 741
741, 740
741, 742
742, 741
742, 743
742, 732
743, 742
743, 744
743, 745
744, 743
745, 743
745, 746
746, 745
746, 747
747, 746
747, 748
747, 732
748, 747
748, 749
748, 750
749, 734
749, 748
750, 748
750, 751
750, 752
751, 750
752, 750
752, 731
731, 752
731, 732
732, 733
732, 742
732, 747
732, 731
753, 754
753, 755
753, 756
754, 753
755, 753
756, 753
756, 757
756, 758
757, 756
758, 756
759, 760
759, 762
759, 764
759, 766
760, 759
760, 761
761, 760
762, 759
762, 763
763, 762
764, 759
764, 765
765, 764
766, 759
766, 767
767, 766
772, 773
773, 772
773, 774
774, 773
774, 775
775, 774
775, 776
776, 775
776, 777
777, 776
777, 778
778, 777
778, 779
779, 778
779, 780
780, 779
780, 781
781, 780
781, 782
782, 781
782, 783
783, 782
783, 784
784, 783
784, 785
784, 769
785, 784
785, 786
786, 785
786, 768
768, 786
769, 784
769, 770
770, 769
770, 771
771, 770
787, 788
787, 795
788, 787
788, 789
789, 788
789, 790
790, 789
790, 791
791, 790
791, 792
792, 791
792, 793
793, 792
793, 794
794, 793
795, 787
795, 796
796, 795
796, 797
797, 796
797, 798
798, 797
798, 799
799, 798
799, 800
800, 799
800, 801
801, 800
801, 802
802, 801
802, 803
803, 802
803, 804
804, 803
804, 805
804, 806
805, 804
806, 804
806, 807
806, 809
807, 806
807, 808
808, 807
809, 806
809, 810
810, 809
811, 812
811, 842
812, 811
812, 813
813, 812
813, 814
813, 815
814, 813
815, 813
815, 816
815, 841
816, 815
816, 817
816, 818
817, 816
818, 816
818, 819
818, 837
819, 818
819, 820
819, 821
820, 819
821, 819
821, 822
821, 823
821, 835
822, 821
823, 821
823, 824
823, 825
824, 823
825, 823
825, 826
825, 829
826, 825
826, 827
826, 828
827, 826
828, 826
829, 825
829, 830
829, 831
830, 829
831, 829
831, 832
831, 835
832, 831
832, 833
832, 834
833, 832
834, 832
835, 821
835, 831
835, 836
836, 835
836, 837
837, 818
837, 836
837, 838
838, 837
838, 839
838, 840
838, 841
839, 838
840, 838
841, 815
841, 838
841, 842
842, 811
842, 841
843, 844
843, 853
844, 843
844, 845
845, 844
845, 846
845, 849
846, 845
846, 847
847, 846
847, 848
848, 847
848, 849
848, 850
849, 845
849, 848
850, 848
850, 851
850, 852
851, 850
852, 850
853, 843
853, 854
853, 858
854, 853
854, 855
855, 854
855, 856
855, 857
856, 855
857, 855
857, 858
858, 853
858, 857
858, 859
859, 858
860, 861
861, 860
861, 862
862, 861
862, 863
863, 862
863, 864
864, 863
864, 865
865, 864
865, 866
866, 865
866, 867
867, 866
882, 868
882, 869
882, 870
868, 882
869, 882
870, 882
870, 871
870, 872
870, 873
871, 870
872, 870
873, 870
873, 874
874, 873
874, 875
874, 881
875, 874
875, 876
876, 875
876, 877
877, 876
877, 878
877, 879
878, 877
879, 877
879, 880
879, 881
880, 879
881, 874
881, 879
883, 884
883, 885
883, 889
884, 883
885, 883
885, 886
886, 885
886, 887
887, 886
887, 888
887, 890
888, 887
888, 889
889, 883
889, 888
890, 887
890, 891
890, 892
891, 890
892, 890
909, 910
909, 898
909, 905
910, 909
910, 911
910, 897
911, 910
911, 893
893, 911
893, 894
894, 893
894, 895
894, 896
895, 894
896, 894
896, 897
897, 910
897, 896
898, 909
898, 899
898, 904
899, 898
899, 900
900, 899
900, 901
901, 900
901, 902
901, 903
902, 901
903, 901
903, 904
904, 898
904, 903
905, 909
905, 906
905, 907
905, 908
906, 905
907, 905
908, 905
914, 915
915, 914
915, 916
915, 917
916, 915
917, 915
917, 918
917, 925
918, 917
918, 919
918, 924
919, 918
919, 920
920, 919
920, 921
921, 920
921, 922
921, 923
922, 921
923, 921
923, 924
924, 918
924, 923
925, 917
925, 926
925, 913
926, 925
926, 927
927, 926
927, 928
928, 927
928, 929
928, 912
929, 928
912, 928
912, 913
913, 925
913, 912
930, 931
930, 935
931, 930
931, 932
932, 931
932, 933
933, 932
933, 934
934, 933
934, 935
935, 930
935, 934
936, 937
936, 943
937, 936
937, 938
937, 942
938, 937
938, 939
939, 938
939, 940
940, 939
940, 941
941, 940
941, 942
942, 937
942, 941
943, 936
943, 944
943, 952
944, 943
944, 945
945, 944
945, 946
946, 945
946, 947
946, 951
947, 946
947, 948
948, 947
948, 949
949, 948
949, 950
950, 949
950, 951
951, 946
951, 950
951, 952
952, 943
952, 951
956, 957
957, 956
957, 958
957, 955
958, 957
958, 959
959, 958
959, 960
959, 954
960, 959
960, 961
961, 960
961, 962
962, 961
962, 953
953, 962
953, 954
954, 959
954, 953
954, 955
955, 957
955, 954
963, 964
963, 968
964, 963
964, 965
965, 964
965, 966
966, 965
966, 967
967, 966
967, 968
967, 969
968, 963
968, 967
969, 967
969, 970
970, 969
970, 971
970, 988
971, 970
971, 972
972, 971
972, 973
973, 972
973, 974
973, 987
974, 973
974, 975
975, 974
975, 976
975, 980
976, 975
976, 977
977, 976
977, 978
978, 977
978, 979
978, 984
979, 978
979, 980
980, 975
980, 979
980, 981
981, 980
981, 982
981, 983
982, 981
983, 981
984, 978
984, 985
984, 986
985, 984
986, 984
987, 973
987, 988
988, 970
988, 987
988, 989
989, 988
989, 990
989, 991
989, 992
990, 989
991, 989
992, 989
992, 993
993, 992
994, 995
994, 997
995, 994
995, 996
996, 995
997, 994
997, 998
998, 997
998, 999
999, 998
1001, 1002
1001, 1007
1002, 1001
1002, 1003
1003, 1002
1003, 1004
1004, 1003
1004, 1005
1005, 1004
1005, 1006
1006, 1005
1007, 1001
1007, 1008
1007, 1013
1008, 1007
1008, 1009
1009, 1008
1009, 1010
1010, 1009
1010, 1011
1010, 1012
1011, 1010
1012, 1010
1012, 1013
1013, 1007
1013, 1012
1013, 1000
1000, 1013
1014, 1015
1015, 1014
1015, 1016
1015, 1023
1016, 1015
1016, 1017
1016, 1018
1017, 1016
1018, 1016
1018, 1019
1018, 1020
1019, 1018
1020, 1018
1020, 1021
1020, 1022
1021, 1020
1022, 1020
1022, 1023
1022, 1026
1023, 1015
1023, 1022
1023, 1024
1024, 1023
1024, 1025
1025, 1024
1025, 1026
1026, 1022
1026, 1025
1027, 1028
1027, 1046
1028, 1027
1028, 1029
1029, 1028
1029, 1030
1029, 1031
1030, 1029
1031, 1029
1031, 1032
1032, 1031
1032, 1033
1032, 1036
1033, 1032
1033, 1034
1033, 1035
1034, 1033
1035, 1033
1035, 1036
1035, 1041
1036, 1032
1036, 1035
1036, 1037
1037, 1036
1037, 1038
1038, 1037
1038, 1039
1038, 1040
1038, 1041
1039, 1038
1040, 1038
1041, 1035
1041, 1038
1041, 1042
1042, 1041
1042, 1043
1042, 1044
1043, 1042
1044, 1042
1044, 1045
1045, 1044
1046, 1027
1046, 1047
1046, 1051
1047, 1046
1047, 1048
1048, 1047
1048, 1049
1049, 1048
1049, 1050
1050, 1049
1050, 1051
1051, 1046
1051, 1050
1052, 1053
1052, 1056
1053, 1052
1053, 1054
1054, 1053
1054, 1055
1055, 1054
1055, 1056
1056, 1052
1056, 1055
1057, 1058
1057, 1067
1058, 1057
1058, 1059
1059, 1058
1059, 1060
1060, 1059
1060, 1061
1060, 1066
1061, 1060
1061, 1062
1062, 1061
1062, 1063
1063, 1062
1063, 1064
1063, 1065
1064, 1063
1065, 1063
1065, 1066
1066, 1060
1066, 1065
1066, 1067
1067, 1057
1067, 1066
1068, 1069
1068, 1070
1068, 1071
1068, 1073
1069, 1068
1070, 1068
1071, 1068
1071, 1072
1072, 1071
1073, 1068
1073, 1074
1074, 1073
1075, 1076
1075, 1089
1076, 1075
1076, 1077
1076, 1078
1077, 1076
1078, 1076
1078, 1079
1079, 1078
1079, 1080
1080, 1079
1080, 1081
1080, 1088
1081, 1080
1081, 1082
1082, 1081
1082, 1083
1083, 1082
1083, 1084
1083, 1085
1084, 1083
1085, 1083
1085, 1086
1085, 1088
1086, 1085
1086, 1087
1087, 1086
1088, 1080
1088, 1085
1089, 1075
1089, 1090
1089, 1091
1090, 1089
1091, 1089
1091, 1092
1092, 1091
1092, 1093
1093, 1092
1093, 1094
1093, 1101
1094, 1093
1094, 1095
1095, 1094
1095, 1096
1096, 1095
1096, 1097
1096, 1098
1097, 1096
1098, 1096
1098, 1099
1098, 1101
1099, 1098
1099, 1100
1100, 1099
1101, 1093
1101, 1098
1102, 1103
1102, 1108
1103, 1102
1103, 1104
1104, 1103
1104, 1105
1104, 1106
1105, 1104
1106, 1104
1106, 1107
1106, 1110
1107, 1106
1107, 1108
1108, 1102
1108, 1107
1108, 1109
1109, 1108
1110, 1106
1110, 1111
1111, 1110
1111, 1112
1111, 1116
1112, 1111
1112, 1113
1113, 1112
1113, 1114
1114, 1113
1114, 1115
1115, 1114
1115, 1116
1116, 1111
1116, 1115
1134, 1135
1134, 1120
1135, 1134
1135, 1136
1135, 1117
1136, 1135
1117, 1135
1117, 1118
1117, 1119
1118, 1117
1119, 1117
1120, 1134
1120, 1121
1120, 1133
1121, 1120
1121, 1122
1121, 1126
1122, 1121
1122, 1123
1123, 1122
1123, 1124
1124, 1123
1124, 1125
1125, 1124
1125, 1126
1126, 1121
1126, 1125
1126, 1127
1127, 1126
1127, 1128
1128, 1127
1128, 1129
1128, 1133
1129, 1128
1129, 1130
1130, 1129
1130, 1131
1131, 1130
1131, 1132
1132, 1131
1132, 1133
1133, 1120
1133, 1128
1133, 1132
1137, 1138
1137, 1139
1137, 1143
1138, 1137
1139, 1137
1139, 1140
1140, 1139
1140, 1141
1141, 1140
1141, 1142
1142, 1141
1142, 1143
1142, 1144
1143, 1137
1143, 1142
1144, 1142
1144, 1145
1144, 1146
1145, 1144
1146, 1144
1146, 1147
1147, 1146
1147, 1148
1148, 1147
1153, 1154
1154, 1153
1154, 1155
1154, 1149
1155, 1154
1149, 1154
1149, 1150
1149, 1151
1150, 1149
1151, 1149
1151, 1152
1152, 1151
1156, 1157
1156, 1170
1157, 1156
1157, 1158
1158, 1157
1158, 1159
1158, 1164
1159, 1158
1159, 1160
1160, 1159
1160, 1161
1161, 1160
1161, 1162
1161, 1163
1162, 1161
1163, 1161
1163, 1164
1164, 1158
1164, 1163
1164, 1165
1165, 1164
1165, 1166
1165, 1167
1165, 1168
1166, 1165
1167, 1165
1168, 1165
1168, 1169
1169, 1168
1170, 1156
1170, 1171
1170, 1176
1171, 1170
1171, 1172
1172, 1171
1172, 1173
1173, 1172
1173, 1174
1173, 1175
1174, 1173
1175, 1173
1175, 1176
1176, 1170
1176, 1175
1176, 1177
1177, 1176
1177, 1178
1177, 1179
1177, 1180
1178, 1177
1179, 1177
1180, 1177
1180, 1181
1181, 1180
1182, 1183
1182, 1184
1182, 1192
1183, 1182
1184, 1182
1184, 1185
1184, 1186
1185, 1184
1186, 1184
1186, 1187
1186, 1188
1187, 1186
1188, 1186
1188, 1189
1188, 1190
1189, 1188
1190, 1188
1190, 1191
1190, 1192
1191, 1190
1192, 1182
1192, 1190
1192, 1193
1193, 1192
1193, 1194
1194, 1193
1195, 1196
1195, 1197
1196, 1195
1197, 1195
1197, 1198
1197, 1202
1198, 1197
1198, 1199
1199, 1198
1199, 1200
1200, 1199
1200, 1201
1201, 1200
1201, 1202
1202, 1197
1202, 1201
1202, 1203
1203, 1202
1203, 1204
1203, 1205
1204, 1203
1205, 1203
1206, 1207
1206, 1208
1206, 1215
1206, 1222
1207, 1206
1208, 1206
1208, 1209
1208, 1210
1208, 1224
1209, 1208
1210, 1208
1210, 1211
1210, 1212
1210, 1213
1211, 1210
1212, 1210
1213, 1210
1213, 1214
1213, 1215
1213, 1226
1214, 1213
1215, 1206
1215, 1213
1215, 1216
1215, 1217
1216, 1215
1217, 1215
1217, 1218
1217, 1219
1217, 1226
1218, 1217
1219, 1217
1219, 1220
1219, 1221
1219, 1222
1220, 1219
1221, 1219
1222, 1206
1222, 1219
1222, 1223
1222, 1224
1223, 1222
1224, 1208
1224, 1222
1224, 1225
1224, 1226
1225, 1224
1226, 1213
1226, 1217
1226, 1224
1226, 1227
1227, 1226
1228, 1229
1228, 1240
1229, 1228
1229, 1230
1229, 1238
1230, 1229
1230, 1231
1230, 1232
1231, 1230
1232, 1230
1232, 1233
1232, 1234
1233, 1232
1234, 1232
1234, 1235
1234, 1236
1235, 1234
1236, 1234
1236, 1237
1236, 1238
1237, 1236
1238, 1229
1238, 1236
1238, 1239
1239, 1238
1240, 1228
1240, 1241
1240, 1249
1241, 1240
1241, 1242
1241, 1243
1242, 1241
1243, 1241
1243, 1244
1243, 1245
1244, 1243
1245, 1243
1245, 1246
1245, 1247
1246, 1245
1247, 1245
1247, 1248
1247, 1249
1248, 1247
1249, 1240
1249, 1247
1249, 1250
1250, 1249
1258, 1259
1258, 1251
1259, 1258
1259, 1260
1260, 1259
1260, 1261
1261, 1260
1261, 1262
1262, 1261
1262, 1251
1251, 1258
1251, 1262
1251, 1252
1252, 1251
1252, 1253
1252, 1254
1253, 1252
1254, 1252
1254, 1255
1254, 1256
1255, 1254
1256, 1254
1256, 1257
1257, 1256
1263, 1264
1263, 1265
1264, 1263
1265, 1263
1265, 1266
1266, 1265
1266, 1267
1266, 1268
1267, 1266
1268, 1266
1268, 1269
1269, 1268
1269, 1270
1269, 1271
1270, 1269
1271, 1269
1271, 1272
1272, 1271
1272, 1273
1273, 1272
1273, 1274
1273, 1275
1274, 1273
1275, 1273
1275, 1276
1276, 1275
1276, 1277
1276, 1278
1277, 1276
1278, 1276
1278, 1279
1279, 1278
1280, 1281
1281, 1280
1281, 1282
1281, 1283
1282, 1281
1283, 1281
1283, 1284
1283, 1285
1284, 1283
1285, 1283
1285, 1286
1286, 1285
1286, 1287
1287, 1286
1287, 1288
1288, 1287
1288, 1289
1288, 1290
1289, 1288
1290, 1288
1290, 1291
1291, 1290
1291, 1292
1292, 1291
1292, 1293
1293, 1292
1293, 1294
1293, 1295
1294, 1293
1295, 1293
1295, 1296
1296, 1295
1296, 1297
1297, 1296
1297, 1298
1298, 1297
1298, 1299
1298, 1300
1299, 1298
1300, 1298
1300, 1301
1301, 1300
1301, 1302
1302, 1301
1302, 1303
1303, 1302
1303, 1304
1303, 1305
1304, 1303
1305, 1303
1305, 1306
1306, 1305
1306, 1307
1307, 1306
1307, 1308
1308, 1307
1308, 1309
1309, 1308
1310, 1311
1311, 1310
1311, 1312
1311, 1328
1312, 1311
1312, 1313
1312, 1331
1313, 1312
1313, 1314
1314, 1313
1314, 1315
1314, 1327
1315, 1314
1315, 1316
1316, 1315
1316, 1317
1316, 1318
1317, 1316
1318, 1316
1318, 1319
1318, 1321
1319, 1318
1319, 1320
1320, 1319
1321, 1318
1321, 1322
1321, 1326
1322, 1321
1322, 1323
1323, 1322
1323, 1324
1324, 1323
1324, 1325
1325, 1324
1325, 1326
1326, 1321
1326, 1325
1327, 1314
1327, 1328
1328, 1311
1328, 1327
1328, 1329
1329, 1328
1329, 1330
1329, 1331
1330, 1329
1330, 1331
1331, 1312
1331, 1329
1331, 1330
1332, 1333
1332, 1337
1333, 1332
1333, 1334
1334, 1333
1334, 1335
1334, 1341
1335, 1334
1335, 1336
1336, 1335
1336, 1337
1337, 1332
1337, 1336
1337, 1338
1338, 1337
1338, 1339
1338, 1340
1339, 1338
1340, 1338
1341, 1334
1341, 1342
1341, 1343
1342, 1341
1343, 1341
1358, 1359
1359, 1358
1359, 1360
1359, 1351
1359, 1355
1360, 1359
1360, 1361
1360, 1362
1361, 1360
1362, 1360
1362, 1344
1362, 1345
1344, 1362
1345, 1362
1345, 1346
1345, 1347
1345, 1355
1346, 1345
1347, 1345
1347, 1348
1347, 1351
1348, 1347
1348, 1349
1348, 1350
1349, 1348
1350, 1348
1351, 1359
1351, 1347
1351, 1352
1352, 1351
1352, 1353
1352, 1354
1353, 1352
1354, 1352
1355, 1359
1355, 1345
1355, 1356
1355, 1357
1356, 1355
1357, 1355
1363, 1364
1363, 1365
1363, 1366
1364, 1363
1365, 1363
1366, 1363
1366, 1367
1367, 1366
1367, 1368
1368, 1367
1368, 1369
1369, 1368
1382, 1383
1383, 1382
1383, 1384
1383, 1381
1384, 1383
1384, 1385
1385, 1384
1385, 1386
1385, 1379
1386, 1385
1386, 1387
1386, 1374
1387, 1386
1387, 1388
1387, 1389
1388, 1387
1389, 1387
1389, 1390
1390, 1389
1390, 1391
1390, 1373
1391, 1390
1391, 1392
1392, 1391
1392, 1370
1370, 1392
1370, 1371
1371, 1370
1371, 1372
1372, 1371
1373, 1390
1373, 1374
1374, 1386
1374, 1373
1374, 1375
1375, 1374
1375, 1376
1376, 1375
1376, 1377
1376, 1378
1376, 1379
1377, 1376
1378, 1376
1379, 1385
1379, 1376
1379, 1380
1380, 1379
1380, 1381
1381, 1383
1381, 1380
1393, 1394
1393, 1399
1393, 1403
1394, 1393
1394, 1395
1394, 1396
1395, 1394
1396, 1394
1396, 1397
1397, 1396
1397, 1398
1397, 1452
1398, 1397
1398, 1399
1399, 1393
1399, 1398
1399, 1400
1400, 1399
1400, 1401
1401, 1400
1401, 1402
1401, 1447
1402, 1401
1402, 1403
1402, 1414
1403, 1393
1403, 1402
1403, 1404
1404, 1403
1404, 1405
1405, 1404
1405, 1406
1406, 1405
1406, 1407
1407, 1406
1407, 1408
1407, 1412
1408, 1407
1408, 1409
1409, 1408
1409, 1410
1409, 1415
1410, 1409
1410, 1411
1411, 1410
1411, 1412
1412, 1407
1412, 1411
1412, 1413
1413, 1412
1413, 1414
1414, 1402
1414, 1413
1415, 1409
1415, 1416
1415, 1427
1416, 1415
1416, 1417
1417, 1416
1417, 1418
1418, 1417
1418, 1419
1418, 1426
1419, 1418
1419, 1420
1420, 1419
1420, 1421
1421, 1420
1421, 1422
1421, 1436
1422, 1421
1422, 1423
1422, 1428
1423, 1422
1423, 1424
1424, 1423
1424, 1425
1425, 1424
1425, 1426
1426, 1418
1426, 1425
1426, 1427
1427, 1415
1427, 1426
1428, 1422
1428, 1429
1428, 1434
1429, 1428
1429, 1430
1429, 1431
1430, 1429
1431, 1429
1431, 1432
1432, 1431
1432, 1433
1432, 1442
1433, 1432
1433, 1434
1434, 1428
1434, 1433
1434, 1435
1435, 1434
1435, 1436
1436, 1421
1436, 1435
1436, 1437
1437, 1436
1437, 1438
1437, 1439
1437, 1440
1438, 1437
1439, 1437
1440, 1437
1440, 1441
1441, 1440
1442, 1432
1442, 1443
1442, 1444
1442, 1445
1443, 1442
1444, 1442
1445, 1442
1445, 1446
1446, 1445
1447, 1401
1447, 1448
1447, 1449
1447, 1450
1448, 1447
1449, 1447
1450, 1447
1450, 1451
1451, 1450
1452, 1397
1452, 1453
1452, 1454
1452, 1455
1453, 1452
1454, 1452
1455, 1452
1455, 1456
1456, 1455
1457, 1458
1458, 1457
1458, 1459
1458, 1460
1459, 1458
1460, 1458
1460, 1461
1461, 1460
1461, 1462
1462, 1461
1462, 1463
1462, 1467
1463, 1462
1463, 1464
1464, 1463
1464, 1465
1465, 1464
1465, 1466
1466, 1465
1466, 1467
1467, 1462
1467, 1466
1468, 1469
1469, 1468
1469, 1470
1469, 1478
1469, 1486
1470, 1469
1470, 1471
1471, 1470
1471, 1472
1471, 1476
1472, 1471
1472, 1473
1473, 1472
1473, 1474
1474, 1473
1474, 1475
1475, 1474
1475, 1476
1476, 1471
1476, 1475
1476, 1477
1477, 1476
1478, 1469
1478, 1479
1479, 1478
1479, 1480
1479, 1484
1480, 1479
1480, 1481
1481, 1480
1481, 1482
1482, 1481
1482, 1483
1483, 1482
1483, 1484
1484, 1479
1484, 1483
1484, 1485
1485, 1484
1486, 1469
1486, 1487
1487, 1486
1487, 1488
1487, 1492
1488, 1487
1488, 1489
1489, 1488
1489, 1490
1490, 1489
1490, 1491
1491, 1490
1491, 1492
1492, 1487
1492, 1491
1492, 1493
1493, 1492
1509, 1510
1509, 1511
1509, 1512
1509, 1513
1510, 1509
1511, 1509
1512, 1509
1513, 1509
1513, 1514
1513, 1507
1514, 1513
1514, 1515
1515, 1514
1515, 1516
1515, 1504
1516, 1515
1516, 1517
1517, 1516
1517, 1518
1517, 1498
1518, 1517
1518, 1494
1494, 1518
1494, 1495
1494, 1500
1495, 1494
1495, 1496
1495, 1497
1496, 1495
1497, 1495
1497, 1498
1498, 1517
1498, 1497
1498, 1499
1499, 1498
1500, 1494
1500, 1501
1500, 1502
1500, 1503
1501, 1500
1502, 1500
1503, 1500
1504, 1515
1504, 1505
1504, 1506
1505, 1504
1506, 1504
1506, 1507
1507, 1513
1507, 1506
1507, 1508
1508, 1507
1519, 1520
1520, 1519
1520, 1521
1520, 1522
1520, 1523
1521, 1520
1522, 1520
1523, 1520
1524, 1525
1525, 1524
1525, 1526
1525, 1527
1525, 1533
1526, 1525
1527, 1525
1527, 1528
1527, 1529
1528, 1527
1529, 1527
1529, 1530
1529, 1531
1530, 1529
1531, 1529
1531, 1532
1531, 1533
1532, 1531
1533, 1525
1533, 1531
1533, 1534
1534, 1533
1535, 1536
1535, 1537
1535, 1538
1535, 1543
1536, 1535
1537, 1535
1538, 1535
1538, 1539
1539, 1538
1539, 1540
1539, 1541
1539, 1542
1540, 1539
1541, 1539
1542, 1539
1543, 1535
1543, 1544
1543, 1564
1544, 1543
1544, 1545
1545, 1544
1545, 1546
1546, 1545
1546, 1547
1546, 1563
1547, 1546
1547, 1548
1548, 1547
1548, 1549
1549, 1548
1549, 1550
1550, 1549
1550, 1551
1551, 1550
1551, 1552
1552, 1551
1552, 1553
1553, 1552
1553, 1554
1553, 1555
1553, 1556
1554, 1553
1555, 1553
1556, 1553
1556, 1557
1557, 1556
1557, 1558
1557, 1562
1558, 1557
1558, 1559
1559, 1558
1559, 1560
1560, 1559
1560, 1561
1561, 1560
1561, 1562
1562, 1557
1562, 1561
1563, 1546
1563, 1564
1564, 1543
1564, 1563
1579, 1580
1579, 1567
1579, 1573
1580, 1579
1580, 1581
1580, 1565
1581, 1580
1565, 1580
1565, 1566
1566, 1565
1567, 1579
1567, 1568
1567, 1572
1568, 1567
1568, 1569
1569, 1568
1569, 1570
1570, 1569
1570, 1571
1571, 1570
1571, 1572
1572, 1567
1572, 1571
1573, 1579
1573, 1574
1573, 1578
1574, 1573
1574, 1575
1575, 1574
1575, 1576
1576, 1575
1576, 1577
1577, 1576
1577, 1578
1578, 1573
1578, 1577
1582, 1583
1582, 1603
1583, 1582
1583, 1584
1583, 1585
1584, 1583
1585, 1583
1585, 1586
1586, 1585
1586, 1587
1586, 1602
1587, 1586
1587, 1588
1588, 1587
1588, 1589
1589, 1588
1589, 1590
1590, 1589
1590, 1591
1591, 1590
1591, 1592
1592, 1591
1592, 1593
1592, 1594
1593, 1592
1594, 1592
1594, 1595
1595, 1594
1595, 1596
1596, 1595
1596, 1597
1597, 1596
1597, 1598
1597, 1599
1598, 1597
1599, 1597
1599, 1600
1600, 1599
1600, 1601
1600, 1602
1601, 1600
1602, 1586
1602, 1600
1602, 1603
1603, 1582
1603, 1602
1603, 1604
1604, 1603
1605, 1606
1605, 1607
1605, 1611
1606, 1605
1607, 1605
1607, 1608
1607, 1609
1608, 1607
1609, 1607
1609, 1610
1610, 1609
1611, 1605
1611, 1612
1611, 1613
1612, 1611
1613, 1611
1613, 1614
1613, 1615
1614, 1613
1615, 1613
1615, 1616
1616, 1615
1628, 1629
1628, 1620
1628, 1621
1629, 1628
1629, 1617
1617, 1629
1617, 1618
1618, 1617
1618, 1619
1619, 1618
1619, 1620
1620, 1628
1620, 1619
1621, 1628
1621, 1622
1621, 1626
1622, 1621
1622, 1623
1623, 1622
1623, 1624
1624, 1623
1624, 1625
1625, 1624
1625, 1626
1626, 1621
1626, 1625
1626, 1627
1627, 1626
1640, 1641
1640, 1633
1641, 1640
1641, 1642
1641, 1632
1642, 1641
1642, 1643
1643, 1642
1643, 1644
1644, 1643
1644, 1630
1644, 1631
1630, 1644
1631, 1644
1631, 1632
1632, 1641
1632, 1631
1633, 1640
1633, 1634
1633, 1639
1634, 1633
1634, 1635
1635, 1634
1635, 1636
1636, 1635
1636, 1637
1636, 1638
1637, 1636
1638, 1636
1638, 1639
1639, 1633
1639, 1638
1645, 1646
1645, 1650
1646, 1645
1646, 1647
1647, 1646
1647, 1648
1647, 1654
1648, 1647
1648, 1649
1649, 1648
1649, 1650
1650, 1645
1650, 1649
1650, 1651
1651, 1650
1651, 1652
1651, 1653
1652, 1651
1653, 1651
1654, 1647
1654, 1655
1655, 1654
1655, 1656
1656, 1655
1656, 1657
1656, 1658
1656, 1659
1657, 1656
1658, 1656
1659, 1656
1659, 1660
1660, 1659
1662, 1663
1663, 1662
1663, 1664
1663, 1665
1663, 1661
1664, 1663
1665, 1663
1665, 1666
1666, 1665
1666, 1667
1667, 1666
1667, 1661
1661, 1663
1661, 1667
1668, 1669
1669, 1668
1669, 1670
1669, 1672
1669, 1674
1670, 1669
1670, 1671
1671, 1670
1672, 1669
1672, 1673
1673, 1672
1674, 1669
1674, 1675
1675, 1674
1675, 1676
1675, 1683
1676, 1675
1676, 1677
1677, 1676
1677, 1678
1678, 1677
1678, 1679
1678, 1681
1679, 1678
1679, 1680
1680, 1679
1681, 1678
1681, 1682
1681, 1683
1682, 1681
1683, 1675
1683, 1681
1685, 1686
1685, 1694
1686, 1685
1686, 1687
1686, 1693
1687, 1686
1687, 1688
1688, 1687
1688, 1689
1688, 1690
1689, 1688
1690, 1688
1690, 1691
1691, 1690
1691, 1692
1691, 1693
1692, 1691
1693, 1686
1693, 1691
1694, 1685
1694, 1695
1694, 1699
1695, 1694
1695, 1696
1696, 1695
1696, 1697
1697, 1696
1697, 1698
1698, 1697
1698, 1699
1699, 1694
1699, 1698
1699, 1684
1684, 1699
1700, 1701
1700, 1702
1701, 1700
1702, 1700
1702, 1703
1702, 1709
1703, 1702
1703, 1704
1704, 1703
1704, 1705
1705, 1704
1705, 1706
1705, 1707
1706, 1705
1707, 1705
1707, 1708
1707, 1709
1708, 1707
1709, 1702
1709, 1707
1710, 1711
1711, 1710
1711, 1712
1711, 1718
1712, 1711
1712, 1713
1713, 1712
1713, 1714
1713, 1715
1714, 1713
1715, 1713
1715, 1716
1716, 1715
1716, 1717
1716, 1718
1717, 1716
1718, 1711
1718, 1716
1719, 1720
1719, 1726
1720, 1719
1720, 1721
1721, 1720
1721, 1722
1722, 1721
1722, 1723
1722, 1724
1723, 1722
1724, 1722
1724, 1725
1724, 1726
1725, 1724
1726, 1719
1726, 1724
1726, 1727
1727, 1726
1727, 1728
1727, 1729
1728, 1727
1729, 1727
1741, 1730
1741, 1731
1741, 1736
1730, 1741
1731, 1741
1731, 1732
1731, 1733
1732, 1731
1733, 1731
1733, 1734
1733, 1735
1734, 1733
1735, 1733
1735, 1736
1736, 1741
1736, 1735
1736, 1737
1737, 1736
1737, 1738
1737, 1739
1738, 1737
1739, 1737
1739, 1740
1740, 1739
1742, 1743
1742, 1751
1743, 1742
1743, 1744
1744, 1743
1744, 1745
1745, 1744
1745, 1746
1745, 1749
1746, 1745
1746, 1747
1746, 1748
1747, 1746
1748, 1746
1749, 1745
1749, 1750
1749, 1751
1750, 1749
1751, 1742
1751, 1749
1751, 1752
1752, 1751
1752, 1753
1752, 1754
1753, 1752
1754, 1752
1762, 1763
1763, 1762
1763, 1764
1763, 1765
1764, 1763
1765, 1763
1765, 1766
1765, 1760
1766, 1765
1766, 1767
1766, 1768
1767, 1766
1768, 1766
1768, 1769
1768, 1755
1769, 1768
1755, 1768
1755, 1756
1755, 1758
1756, 1755
1756, 1757
1757, 1756
1758, 1755
1758, 1759
1758, 1760
1759, 1758
1760, 1765
1760, 1758
1760, 1761
1761, 1760
1770, 1771
1770, 1786
1771, 1770
1771, 1772
1772, 1771
1772, 1773
1773, 1772
1773, 1774
1773, 1785
1774, 1773
1774, 1775
1774, 1776
1775, 1774
1776, 1774
1776, 1777
1777, 1776
1777, 1778
1778, 1777
1778, 1779
1778, 1781
1779, 1778
1779, 1780
1780, 1779
1781, 1778
1781, 1782
1782, 1781
1782, 1783
1783, 1782
1783, 1784
1784, 1783
1785, 1773
1785, 1786
1785, 1787
1786, 1770
1786, 1785
1787, 1785
1787, 1788
1787, 1789
1788, 1787
1789, 1787
1789, 1790
1790, 1789
1790, 1791
1791, 1790
1791, 1792
1791, 1794
1792, 1791
1792, 1793
1793, 1792
1794, 1791
1794, 1795
1795, 1794
1795, 1796
1796, 1795
1796, 1797
1797, 1796
1798, 1799
1798, 1801
1798, 1803
1799, 1798
1799, 1800
1800, 1799
1801, 1798
1801, 1802
1802, 1801
1803, 1798
1803, 1804
1803, 1805
1804, 1803
1805, 1803
1805, 1806
1806, 1805
1806, 1807
1807, 1806
1807, 1808
1807, 1809
1808, 1807
1809, 1807
1810, 1811
1810, 1812
1810, 1816
1811, 1810
1812, 1810
1812, 1813
1813, 1812
1813, 1814
1813, 1820
1814, 1813
1814, 1815
1815, 1814
1815, 1816
1816, 1810
1816, 1815
1816, 1817
1817, 1816
1817, 1818
1818, 1817
1818, 1819
1819, 1818
1820, 1813
1820, 1821
1821, 1820
1821, 1822
1821, 1823
1822, 1821
1823, 1821
1824, 1825
1824, 1833
1825, 1824
1825, 1826
1826, 1825
1826, 1827
1827, 1826
1827, 1828
1828, 1827
1828, 1829
1829, 1828
1829, 1830
1830, 1829
1830, 1831
1831, 1830
1831, 1832
1832, 1831
1833, 1824
1833, 1834
1834, 1833
1834, 1835
1835, 1834
1835, 1836
1835, 1837
1836, 1835
1837, 1835
1848, 1849
1849, 1848
1849, 1850
1849, 1847
1850, 1849
1850, 1851
1850, 1855
1851, 1850
1851, 1852
1852, 1851
1852, 1853
1853, 1852
1853, 1854
1854, 1853
1854, 1855
1855, 1850
1855, 1854
1855, 1838
1838, 1855
1838, 1839
1838, 1840
1839, 1838
1840, 1838
1840, 1841
1840, 1847
1841, 1840
1841, 1842
1842, 1841
1842, 1843
1843, 1842
1843, 1844
1843, 1845
1844, 1843
1845, 1843
1845, 1846
1845, 1847
1846, 1845
1847, 1849
1847, 1840
1847, 1845
1863, 1864
1864, 1863
1864, 1865
1864, 1866
1865, 1864
1866, 1864
1866, 1867
1866, 1861
1867, 1866
1867, 1868
1868, 1867
1868, 1869
1869, 1868
1869, 1870
1869, 1862
1870, 1869
1870, 1856
1856, 1870
1856, 1857
1857, 1856
1857, 1858
1857, 1862
1858, 1857
1858, 1859
1859, 1858
1859, 1860
1860, 1859
1860, 1861
1861, 1866
1861, 1860
1861, 1862
1862, 1869
1862, 1857
1862, 1861
1871, 1872
1872, 1871
1872, 1873
1872, 1878
1873, 1872
1873, 1874
1874, 1873
1874, 1875
1875, 1874
1875, 1876
1876, 1875
1876, 1877
1877, 1876
1877, 1878
1878, 1872
1878, 1877
1879, 1880
1879, 1884
1880, 1879
1880, 1881
1881, 1880
1881, 1882
1882, 1881
1882, 1883
1883, 1882
1883, 1884
1883, 1885
1884, 1879
1884, 1883
1885, 1883
1885, 1886
1886, 1885
1886, 1887
1887, 1886
1887, 1888
1887, 1897
1888, 1887
1888, 1889
1888, 1890
1889, 1888
1890, 1888
1890, 1891
1891, 1890
1891, 1892
1892, 1891
1892, 1893
1892, 1897
1893, 1892
1893, 1894
1894, 1893
1894, 1895
1894, 1903
1895, 1894
1895, 1896
1896, 1895
1896, 1897
1896, 1898
1897, 1887
1897, 1892
1897, 1896
1898, 1896
1898, 1899
1898, 1900
1898, 1901
1899, 1898
1900, 1898
1901, 1898
1901, 1902
1902, 1901
1903, 1894
1903, 1904
1903, 1905
1903, 1906
1904, 1903
1905, 1903
1906, 1903
1906, 1907
1907, 1906
1908, 1909
1909, 1908
1909, 1910
1909, 1911
1910, 1909
1911, 1909
1911, 1912
1911, 1919
1912, 1911
1912, 1913
1913, 1912
1913, 1914
1914, 1913
1914, 1915
1914, 1918
1915, 1914
1915, 1916
1916, 1915
1916, 1917
1917, 1916
1917, 1918
1918, 1914
1918, 1917
1918, 1919
1919, 1911
1919, 1918
1920, 1921
1920, 1929
1921, 1920
1921, 1922
1922, 1921
1922, 1923
1922, 1925
1923, 1922
1923, 1924
1924, 1923
1925, 1922
1925, 1926
1926, 1925
1926, 1927
1927, 1926
1927, 1928
1928, 1927
1929, 1920
1929, 1930
1929, 1931
1930, 1929
1931, 1929
1931, 1932
1932, 1931
1932, 1933
1933, 1932
1933, 1934
1934, 1933
1934, 1935
1935, 1934
1935, 1936
1935, 1937
1936, 1935
1937, 1935
1937, 1938
1938, 1937
1938, 1939
1939, 1938
1939, 1940
1939, 1942
1940, 1939
1940, 1941
1941, 1940
1942, 1939
1942, 1943
1943, 1942
1943, 1944
1944, 1943
1944, 1945
1945, 1944
1948, 1949
1948, 1954
1948, 1947
1949, 1948
1949, 1950
1950, 1949
1950, 1951
1950, 1952
1951, 1950
1952, 1950
1952, 1953
1953, 1952
1953, 1954
1954, 1948
1954, 1953
1954, 1955
1955, 1954
1955, 1956
1956, 1955
1956, 1957
1956, 1946
1957, 1956
1957, 1958
1958, 1957
1958, 1959
1958, 1960
1959, 1958
1960, 1958
1960, 1961
1961, 1960
1961, 1946
1946, 1956
1946, 1961
1946, 1947
1947, 1948
1947, 1946
1962, 1963
1962, 1970
1963, 1962
1963, 1964
1964, 1963
1964, 1965
1964, 1969
1965, 1964
1965, 1966
1966, 1965
1966, 1967
1967, 1966
1967, 1968
1968, 1967
1968, 1969
1969, 1964
1969, 1968
1970, 1962
1970, 1971
1970, 1980
1971, 1970
1971, 1972
1971, 1973
1972, 1971
1973, 1971
1973, 1974
1974, 1973
1974, 1975
1975, 1974
1975, 1976
1975, 1980
1976, 1975
1976, 1977
1977, 1976
1977, 1978
1978, 1977
1978, 1979
1979, 1978
1979, 1980
1980, 1970
1980, 1975
1980, 1979
1981, 1982
1981, 1993
1982, 1981
1982, 1983
1983, 1982
1983, 1984
1983, 1989
1984, 1983
1984, 1985
1985, 1984
1985, 1986
1986, 1985
1986, 1987
1986, 1988
1987, 1986
1988, 1986
1988, 1989
1989, 1983
1989, 1988
1989, 1990
1990, 1989
1990, 1991
1990, 1992
1991, 1990
1992, 1990
1993, 1981
1993, 1994
1993, 2003
1994, 1993
1994, 1995
1994, 1996
1995, 1994
1996, 1994
1996, 1997
1997, 1996
1997, 1998
1998, 1997
1998, 1999
1998, 2003
1999, 1998
1999, 2000
2000, 1999
2000, 2001
2001, 2000
2001, 2002
2002, 2001
2002, 2003
2003, 1993
2003, 1998
2003, 2002
2004, 2005
2004, 2017
2005, 2004
2005, 2006
2005, 2007
2006, 2005
2007, 2005
2007, 2008
2007, 2009
2008, 2007
2009, 2007
2009, 2010
2010, 2009
2010, 2011
2011, 2010
2011, 2012
2012, 2011
2012, 2013
2013, 2012
2013, 2014
2014, 2013
2014, 2015
2015, 2014
2015, 2016
2016, 2015
2017, 2004
2017, 2018
2017, 2025
2018, 2017
2018, 2019
2019, 2018
2019, 2020
2020, 2019
2020, 2021
2020, 2024
2021, 2020
2021, 2022
2022, 2021
2022, 2023
2023, 2022
2023, 2024
2024, 2020
2024, 2023
2024, 2025
2025, 2017
2025, 2024
2026, 2027
2026, 2040
2027, 2026
2027, 2028
2028, 2027
2028, 2029
2029, 2028
2029, 2030
2029, 2039
2030, 2029
2030, 2031
2031, 2030
2031, 2032
2031, 2033
2031, 2036
2032, 2031
2033, 2031
2033, 2034
2034, 2033
2034, 2035
2035, 2034
2036, 2031
2036, 2037
2037, 2036
2037, 2038
2038, 2037
2039, 2029
2039, 2040
2039, 2041
2040, 2026
2040, 2039
2041, 2039
2041, 2042
2042, 2041
2042, 2043
2042, 2044
2042, 2047
2043, 2042
2044, 2042
2044, 2045
2045, 2044
2045, 2046
2046, 2045
2047, 2042
2047, 2048
2048, 2047
2048, 2049
2049, 2048
2050, 2051
2050, 2057
2050, 2062
2051, 2050
2051, 2052
2051, 2053
2052, 2051
2053, 2051
2053, 2054
2054, 2053
2054, 2055
2054, 2056
2055, 2054
2056, 2054
2056, 2057
2057, 2050
2057, 2056
2057, 2058
2058, 2057
2058, 2059
2059, 2058
2059, 2060
2059, 2064
2060, 2059
2060, 2061
2060, 2062
2061, 2060
2062, 2050
2062, 2060
2062, 2063
2063, 2062
2064, 2059
2064, 2065
2064, 2071
2065, 2064
2065, 2066
2066, 2065
2066, 2067
2067, 2066
2067, 2068
2067, 2069
2068, 2067
2069, 2067
2069, 2070
2069, 2071
2070, 2069
2071, 2064
2071, 2069
2072, 2073
2072, 2078
2073, 2072
2073, 2074
2074, 2073
2074, 2075
2075, 2074
2075, 2076
2075, 2077
2076, 2075
2077, 2075
2077, 2078
2078, 2072
2078, 2077
2078, 2079
2079, 2078
2080, 2081
2080, 2092
2081, 2080
2081, 2082
2082, 2081
2082, 2083
2083, 2082
2083, 2084
2084, 2083
2084, 2085
2085, 2084
2085, 2086
2086, 2085
2086, 2087
2087, 2086
2087, 2088
2088, 2087
2088, 2089
2089, 2088
2089, 2090
2090, 2089
2090, 2091
2091, 2090
2092, 2080
2092, 2093
2092, 2100
2093, 2092
2093, 2094
2094, 2093
2094, 2095
2094, 2098
2095, 2094
2095, 2096
2096, 2095
2096, 2097
2097, 2096
2097, 2098
2098, 2094
2098, 2097
2098, 2099
2099, 2098
2099, 2100
2100, 2092
2100, 2099
2100, 2101
2101, 2100
2101, 2102
2102, 2101
2102, 2103
2103, 2102
2104, 2105
2104, 2109
2105, 2104
2105, 2106
2106, 2105
2106, 2107
2106, 2114
2107, 2106
2107, 2108
2108, 2107
2108, 2109
2109, 2104
2109, 2108
2109, 2110
2110, 2109
2110, 2111
2110, 2112
2111, 2110
2112, 2110
2112, 2113
2113, 2112
2114, 2106
2114, 2115
2114, 2116
2115, 2114
2116, 2114
2116, 2117
2117, 2116
2118, 2119
2119, 2118
2119, 2120
2119, 2124
2120, 2119
2120, 2121
2121, 2120
2121, 2122
2122, 2121
2122, 2123
2122, 2125
2123, 2122
2123, 2124
2124, 2119
2124, 2123
2125, 2122
2125, 2126
2125, 2127
2125, 2128
2126, 2125
2127, 2125
2128, 2125
2128, 2129
2129, 2128
2129, 2130
2129, 2134
2130, 2129
2130, 2131
2131, 2130
2131, 2132
2132, 2131
2132, 2133
2132, 2135
2133, 2132
2133, 2134
2134, 2129
2134, 2133
2135, 2132
2135, 2136
2136, 2135
2136, 2137
2137, 2136
2137, 2138
2137, 2142
2138, 2137
2138, 2139
2139, 2138
2139, 2140
2140, 2139
2140, 2141
2140, 2144
2141, 2140
2141, 2142
2142, 2137
2142, 2141
2142, 2143
2143, 2142
2144, 2140
2144, 2145
2144, 2173
2145, 2144
2145, 2146
2146, 2145
2146, 2147
2147, 2146
2147, 2148
2147, 2171
2148, 2147
2148, 2149
2149, 2148
2149, 2150
2150, 2149
2150, 2151
2150, 2160
2151, 2150
2151, 2152
2151, 2153
2152, 2151
2153, 2151
2153, 2154
2154, 2153
2154, 2155
2155, 2154
2155, 2156
2155, 2160
2156, 2155
2156, 2157
2157, 2156
2157, 2158
2157, 2166
2158, 2157
2158, 2159
2159, 2158
2159, 2160
2159, 2161
2160, 2150
2160, 2155
2160, 2159
2161, 2159
2161, 2162
2161, 2163
2161, 2164
2162, 2161
2163, 2161
2164, 2161
2164, 2165
2165, 2164
2166, 2157
2166, 2167
2166, 2168
2166, 2169
2167, 2166
2168, 2166
2169, 2166
2169, 2170
2170, 2169
2171, 2147
2171, 2172
2171, 2173
2172, 2171
2173, 2144
2173, 2171
2174, 2175
2174, 2179
2174, 2187
2175, 2174
2175, 2176
2176, 2175
2176, 2177
2177, 2176
2177, 2178
2178, 2177
2178, 2179
2179, 2174
2179, 2178
2179, 2180
2180, 2179
2180, 2181
2181, 2180
2181, 2182
2181, 2186
2182, 2181
2182, 2183
2183, 2182
2183, 2184
2184, 2183
2184, 2185
2185, 2184
2185, 2186
2186, 2181
2186, 2185
2186, 2187
2187, 2174
2187, 2186
2217, 2218
2217, 2211
2217, 2212
2218, 2217
2218, 2219
2219, 2218
2219, 2220
2220, 2219
2220, 2188
2220, 2206
2188, 2220
2188, 2189
2189, 2188
2189, 2190
2190, 2189
2190, 2191
2190, 2199
2191, 2190
2191, 2192
2192, 2191
2192, 2193
2192, 2201
2193, 2192
2193, 2194
2193, 2198
2194, 2193
2194, 2195
2195, 2194
2195, 2196
2196, 2195
2196, 2197
2197, 2196
2197, 2198
2198, 2193
2198, 2197
2198, 2199
2199, 2190
2199, 2198
2199, 2200
2200, 2199
2201, 2192
2201, 2202
2201, 2203
2201, 2204
2202, 2201
2203, 2201
2204, 2201
2204, 2205
2205, 2204
2206, 2220
2206, 2207
2206, 2211
2207, 2206
2207, 2208
2208, 2207
2208, 2209
2209, 2208
2209, 2210
2210, 2209
2210, 2211
2211, 2217
2211, 2206
2211, 2210
2212, 2217
2212, 2213
2212, 2214
2212, 2215
2213, 2212
2214, 2212
2215, 2212
2215, 2216
2216, 2215
2221, 2222
2221, 2229
2222, 2221
2222, 2223
2222, 2224
2223, 2222
2224, 2222
2224, 2225
2224, 2227
2225, 2224
2225, 2226
2226, 2225
2227, 2224
2227, 2228
2228, 2227
2228, 2229
2229, 2221
2229, 2228
2229, 2230
2230, 2229
2230, 2231
2230, 2232
2231, 2230
2232, 2230
2245, 2246
2245, 2250
2246, 2245
2246, 2247
2247, 2246
2247, 2248
2247, 2235
2248, 2247
2248, 2249
2249, 2248
2249, 2250
2250, 2245
2250, 2249
2250, 2251
2251, 2250
2251, 2252
2252, 2251
2252, 2233
2252, 2234
2233, 2252
2234, 2252
2235, 2247
2235, 2236
2236, 2235
2236, 2237
2237, 2236
2237, 2238
2237, 2243
2238, 2237
2238, 2239
2239, 2238
2239, 2240
2239, 2241
2240, 2239
2241, 2239
2241, 2242
2242, 2241
2242, 2243
2243, 2237
2243, 2242
2243, 2244
2244, 2243
2253, 2254
2253, 2261
2253, 2264
2254, 2253
2254, 2255
2255, 2254
2255, 2256
2256, 2255
2256, 2257
2256, 2260
2257, 2256
2257, 2258
2258, 2257
2258, 2259
2259, 2258
2260, 2256
2260, 2261
2260, 2262
2261, 2253
2261, 2260
2262, 2260
2262, 2263
2263, 2262
2264, 2253
2264, 2265
2264, 2274
2265, 2264
2265, 2266
2266, 2265
2266, 2267
2267, 2266
2267, 2268
2267, 2271
2268, 2267
2268, 2269
2269, 2268
2269, 2270
2270, 2269
2271, 2267
2271, 2272
2271, 2274
2272, 2271
2272, 2273
2273, 2272
2274, 2264
2274, 2271
2275, 2276
2275, 2283
2276, 2275
2276, 2277
2277, 2276
2277, 2278
2277, 2281
2278, 2277
2278, 2279
2279, 2278
2279, 2280
2280, 2279
2281, 2277
2281, 2282
2282, 2281
2282, 2283
2282, 2285
2283, 2275
2283, 2282
2283, 2284
2284, 2283
2285, 2282
2285, 2286
2286, 2285
2327, 2328
2327, 2336
2328, 2327
2328, 2329
2329, 2328
2329, 2330
2329, 2334
2330, 2329
2330, 2331
2331, 2330
2331, 2332
2332, 2331
2332, 2333
2333, 2332
2333, 2334
2334, 2329
2334, 2333
2334, 2335
2335, 2334
2335, 2336
2335, 2287
2336, 2327
2336, 2335
2336, 2337
2337, 2336
2287, 2335
2287, 2288
2288, 2287
2288, 2289
2289, 2288
2289, 2290
2289, 2296
2290, 2289
2290, 2291
2291, 2290
2291, 2292
2291, 2293
2292, 2291
2293, 2291
2293, 2294
2293, 2295
2294, 2293
2295, 2293
2295, 2296
2296, 2289
2296, 2295
2296, 2297
2297, 2296
2297, 2298
2297, 2299
2297, 2300
2298, 2297
2299, 2297
2300, 2297
2300, 2301
2301, 2300
2301, 2302
2302, 2301
2302, 2303
2303, 2302
2303, 2304
2303, 2305
2303, 2306
2304, 2303
2305, 2303
2306, 2303
2306, 2307
2306, 2313
2307, 2306
2307, 2308
2308, 2307
2308, 2309
2308, 2310
2309, 2308
2310, 2308
2310, 2311
2310, 2312
2311, 2310
2312, 2310
2312, 2313
2313, 2306
2313, 2312
2313, 2314
2314, 2313
2314, 2315
2315, 2314
2315, 2316
2316, 2315
2316, 2317
2316, 2326
2317, 2316
2317, 2318
2317, 2319
2318, 2317
2319, 2317
2319, 2320
2320, 2319
2320, 2321
2321, 2320
2321, 2322
2321, 2326
2322, 2321
2322, 2323
2323, 2322
2323, 2324
2324, 2323
2324, 2325
2325, 2324
2325, 2326
2326, 2316
2326, 2321
2326, 2325
2348, 2349
2348, 2355
2348, 2347
2349, 2348
2349, 2350
2350, 2349
2350, 2351
2350, 2352
2351, 2350
2352, 2350
2352, 2353
2352, 2354
2353, 2352
2354, 2352
2354, 2355
2355, 2348
2355, 2354
2355, 2338
2338, 2355
2338, 2339
2339, 2338
2339, 2340
2339, 2346
2340, 2339
2340, 2341
2341, 2340
2341, 2342
2341, 2343
2342, 2341
2343, 2341
2343, 2344
2343, 2345
2344, 2343
2345, 2343
2345, 2346
2346, 2339
2346, 2345
2346, 2347
2347, 2348
2347, 2346
2356, 2357
2356, 2374
2357, 2356
2357, 2358
2358, 2357
2358, 2359
2358, 2368
2359, 2358
2359, 2360
2359, 2361
2360, 2359
2361, 2359
2361, 2362
2362, 2361
2362, 2363
2363, 2362
2363, 2364
2363, 2368
2364, 2363
2364, 2365
2365, 2364
2365, 2366
2365, 2369
2366, 2365
2366, 2367
2367, 2366
2367, 2368
2368, 2358
2368, 2363
2368, 2367
2369, 2365
2369, 2370
2369, 2371
2369, 2372
2370, 2369
2371, 2369
2372, 2369
2372, 2373
2373, 2372
2374, 2356
2374, 2375
2374, 2379
2375, 2374
2375, 2376
2376, 2375
2376, 2377
2377, 2376
2377, 2378
2377, 2380
2378, 2377
2378, 2379
2379, 2374
2379, 2378
2380, 2377
2380, 2381
2380, 2382
2380, 2383
2381, 2380
2382, 2380
2383, 2380
2383, 2384
2384, 2383
2391, 2392
2391, 2396
2392, 2391
2392, 2393
2393, 2392
2393, 2394
2394, 2393
2394, 2395
2395, 2394
2395, 2396
2395, 2397
2396, 2391
2396, 2395
2397, 2395
2397, 2398
2397, 2399
2398, 2397
2399, 2397
2399, 2400
2399, 2385
2400, 2399
2385, 2399
2385, 2386
2385, 2390
2386, 2385
2386, 2387
2387, 2386
2387, 2388
2388, 2387
2388, 2389
2389, 2388
2389, 2390
2390, 2385
2390, 2389
2401, 2402
2402, 2401
2402, 2403
2402, 2405
2403, 2402
2403, 2404
2404, 2403
2405, 2402
2405, 2406
2406, 2405
2406, 2407
2406, 2408
2407, 2406
2408, 2406
2408, 2409
2408, 2410
2409, 2408
2410, 2408
2410, 2411
2410, 2417
2411, 2410
2411, 2412
2412, 2411
2412, 2413
2413, 2412
2413, 2414
2413, 2416
2414, 2413
2414, 2415
2415, 2414
2416, 2413
2416, 2417
2417, 2410
2417, 2416
2430, 2431
2430, 2420
2431, 2430
2431, 2432
2432, 2431
2432, 2418
2418, 2432
2418, 2419
2419, 2418
2419, 2420
2419, 2421
2420, 2430
2420, 2419
2421, 2419
2421, 2422
2422, 2421
2422, 2423
2423, 2422
2423, 2424
2424, 2423
2424, 2425
2424, 2426
2425, 2424
2426, 2424
2426, 2427
2427, 2426
2427, 2428
2427, 2429
2428, 2427
2429, 2427
2433, 2434
2433, 2435
2433, 2446
2434, 2433
2435, 2433
2435, 2436
2435, 2437
2436, 2435
2437, 2435
2437, 2438
2437, 2439
2437, 2448
2438, 2437
2439, 2437
2439, 2440
2439, 2445
2440, 2439
2440, 2441
2441, 2440
2441, 2442
2441, 2443
2442, 2441
2443, 2441
2443, 2444
2443, 2445
2444, 2443
2445, 2439
2445, 2443
2445, 2446
2446, 2433
2446, 2445
2446, 2447
2446, 2448
2447, 2446
2448, 2437
2448, 2446
2448, 2449
2448, 2450
2449, 2448
2450, 2448
2466, 2467
2467, 2466
2467, 2451
2467, 2462
2467, 2463
2451, 2467
2451, 2452
2451, 2453
2452, 2451
2453, 2451
2453, 2454
2453, 2455
2454, 2453
2455, 2453
2455, 2456
2455, 2457
2455, 2463
2456, 2455
2457, 2455
2457, 2458
2457, 2462
2458, 2457
2458, 2459
2459, 2458
2459, 2460
2460, 2459
2460, 2461
2460, 2462
2461, 2460
2462, 2467
2462, 2457
2462, 2460
2463, 2467
2463, 2455
2463, 2464
2463, 2465
2464, 2463
2465, 2463
2468, 2469
2469, 2468
2469, 2470
2469, 2472
2469, 2474
2470, 2469
2470, 2471
2471, 2470
2472, 2469
2472, 2473
2473, 2472
2474, 2469
2474, 2475
2475, 2474
2475, 2476
2476, 2475
2476, 2477
2476, 2478
2477, 2476
2478, 2476
2478, 2479
2479, 2478
2480, 2481
2480, 2482
2480, 2488
2480, 2495
2481, 2480
2482, 2480
2482, 2483
2482, 2484
2482, 2497
2483, 2482
2484, 2482
2484, 2485
2484, 2486
2485, 2484
2486, 2484
2486, 2487
2486, 2488
2486, 2499
2487, 2486
2488, 2480
2488, 2486
2488, 2489
2488, 2490
2489, 2488
2490, 2488
2490, 2491
2490, 2492
2490, 2499
2491, 2490
2492, 2490
2492, 2493
2492, 2494
2492, 2495
2493, 2492
2494, 2492
2495, 2480
2495, 2492
2495, 2496
2495, 2497
2496, 2495
2497, 2482
2497, 2495
2497, 2498
2497, 2499
2498, 2497
2499, 2486
2499, 2490
2499, 2497
2499, 2500
2500, 2499
2501, 2502
2501, 2507
2502, 2501
2502, 2503
2503, 2502
2503, 2504
2504, 2503
2504, 2505
2505, 2504
2505, 2506
2505, 2507
2506, 2505
2507, 2501
2507, 2505
2507, 2508
2508, 2507
2508, 2509
2508, 2510
2509, 2508
2510, 2508
2511, 2512
2511, 2520
2511, 2528
2512, 2511
2512, 2513
2512, 2519
2513, 2512
2513, 2514
2514, 2513
2514, 2515
2515, 2514
2515, 2516
2515, 2518
2516, 2515
2516, 2517
2517, 2516
2518, 2515
2518, 2519
2519, 2512
2519, 2518
2520, 2511
2520, 2521
2520, 2527
2521, 2520
2521, 2522
2522, 2521
2522, 2523
2523, 2522
2523, 2524
2523, 2526
2524, 2523
2524, 2525
2525, 2524
2526, 2523
2526, 2527
2527, 2520
2527, 2526
2528, 2511
2528, 2529
2528, 2530
2528, 2531
2529, 2528
2530, 2528
2531, 2528
2532, 2533
2532, 2535
2533, 2532
2533, 2534
2534, 2533
2535, 2532
2535, 2536
2535, 2540
2536, 2535
2536, 2537
2537, 2536
2537, 2538
2538, 2537
2538, 2539
2539, 2538
2539, 2540
2540, 2535
2540, 2539
2540, 2541
2540, 2542
2541, 2540
2542, 2540
2542, 2543
2543, 2542
2543, 2544
2544, 2543
2544, 2545
2545, 2544
2555, 2556
2556, 2555
2556, 2557
2556, 2562
2557, 2556
2557, 2558
2558, 2557
2558, 2559
2559, 2558
2559, 2560
2560, 2559
2560, 2561
2561, 2560
2562, 2556
2562, 2563
2563, 2562
2563, 2546
2563, 2547
2563, 2548
2546, 2563
2547, 2563
2548, 2563
2548, 2549
2548, 2554
2549, 2548
2549, 2550
2550, 2549
2550, 2551
2551, 2550
2551, 2552
2551, 2553
2552, 2551
2553, 2551
2553, 2554
2554, 2548
2554, 2553
2564, 2565
2564, 2569
2564, 2584
2565, 2564
2565, 2566
2566, 2565
2566, 2567
2566, 2580
2567, 2566
2567, 2568
2568, 2567
2568, 2569
2568, 2577
2569, 2564
2569, 2568
2569, 2570
2570, 2569
2570, 2571
2570, 2574
2571, 2570
2571, 2572
2572, 2571
2572, 2573
2573, 2572
2574, 2570
2574, 2575
2575, 2574
2575, 2576
2576, 2575
2577, 2568
2577, 2578
2577, 2579
2578, 2577
2579, 2577
2580, 2566
2580, 2581
2580, 2582
2580, 2583
2581, 2580
2582, 2580
2583, 2580
2584, 2564
2584, 2585
2584, 2586
2585, 2584
2586, 2584
2587, 2588
2588, 2587
2588, 2589
2588, 2591
2588, 2593
2589, 2588
2589, 2590
2590, 2589
2591, 2588
2591, 2592
2592, 2591
2593, 2588
2593, 2594
2594, 2593
2594, 2595
2594, 2597
2595, 2594
2595, 2596
2596, 2595
2597, 2594
2597, 2598
2597, 2604
2598, 2597
2598, 2599
2599, 2598
2599, 2600
2599, 2601
2600, 2599
2601, 2599
2601, 2602
2601, 2603
2602, 2601
2603, 2601
2603, 2604
2604, 2597
2604, 2603
2604, 2605
2605, 2604
2606, 2607
2606, 2613
2607, 2606
2607, 2608
2608, 2607
2608, 2609
2608, 2611
2609, 2608
2609, 2610
2610, 2609
2611, 2608
2611, 2612
2612, 2611
2612, 2613
2612, 2615
2613, 2606
2613, 2612
2613, 2614
2614, 2613
2615, 2612
2615, 2616
2616, 2615
2644, 2645
2644, 2629
2645, 2644
2645, 2617
2617, 2645
2617, 2618
2617, 2619
2618, 2617
2619, 2617
2619, 2620
2619, 2621
2619, 2625
2620, 2619
2621, 2619
2621, 2622
2621, 2623
2622, 2621
2623, 2621
2623, 2624
2624, 2623
2625, 2619
2625, 2626
2625, 2627
2625, 2628
2626, 2625
2627, 2625
2628, 2625
2629, 2644
2629, 2630
2629, 2643
2630, 2629
2630, 2631
2631, 2630
2631, 2632
2632, 2631
2632, 2633
2632, 2643
2633, 2632
2633, 2634
2634, 2633
2634, 2635
2635, 2634
2635, 2636
2635, 2643
2636, 2635
2636, 2637
2637, 2636
2637, 2638
2637, 2639
2638, 2637
2639, 2637
2639, 2640
2639, 2641
2640, 2639
2641, 2639
2641, 2642
2642, 2641
2643, 2629
2643, 2632
2643, 2635
2653, 2654
2653, 2655
2653, 2657
2653, 2647
2654, 2653
2655, 2653
2655, 2656
2656, 2655
2657, 2653
2657, 2646
2646, 2657
2647, 2653
2647, 2648
2647, 2649
2648, 2647
2649, 2647
2649, 2650
2650, 2649
2650, 2651
2650, 2652
2651, 2650
2652, 2650
2658, 2659
2658, 2661
2658, 2663
2659, 2658
2659, 2660
2660, 2659
2661, 2658
2661, 2662
2662, 2661
2663, 2658
2663, 2664
2663, 2665
2664, 2663
2665, 2663
2665, 2666
2666, 2665
2667, 2668
2667, 2673
2668, 2667
2668, 2669
2669, 2668
2669, 2670
2669, 2671
2669, 2678
2670, 2669
2671, 2669
2671, 2672
2671, 2675
2672, 2671
2672, 2673
2673, 2667
2673, 2672
2673, 2674
2674, 2673
2675, 2671
2675, 2676
2676, 2675
2676, 2677
2677, 2676
2677, 2678
2677, 2686
2678, 2669
2678, 2677
2678, 2679
2679, 2678
2679, 2680
2680, 2679
2680, 2681
2681, 2680
2681, 2682
2681, 2683
2681, 2686
2682, 2681
2683, 2681
2683, 2684
2683, 2687
2684, 2683
2684, 2685
2685, 2684
2685, 2686
2686, 2677
2686, 2681
2686, 2685
2687, 2683
2687, 2688
2687, 2689
2688, 2687
2689, 2687
2689, 2690
2690, 2689
2690, 2691
2691, 2690
2691, 2692
2691, 2693
2692, 2691
2693, 2691
2695, 2696
2695, 2699
2696, 2695
2696, 2697
2696, 2698
2697, 2696
2698, 2696
2699, 2695
2699, 2700
2699, 2704
2700, 2699
2700, 2701
2701, 2700
2701, 2702
2702, 2701
2702, 2703
2702, 2705
2703, 2702
2703, 2704
2704, 2699
2704, 2703
2705, 2702
2705, 2706
2705, 2707
2706, 2705
2707, 2705
2707, 2694
2694, 2707
2708, 2709
2708, 2710
2709, 2708
2710, 2708
2710, 2711
2710, 2717
2711, 2710
2711, 2712
2712, 2711
2712, 2713
2713, 2712
2713, 2714
2713, 2716
2714, 2713
2714, 2715
2715, 2714
2716, 2713
2716, 2717
2717, 2710
2717, 2716
2749, 2750
2750, 2749
2750, 2751
2750, 2755
2751, 2750
2751, 2752
2752, 2751
2752, 2753
2752, 2727
2753, 2752
2753, 2754
2754, 2753
2754, 2755
2755, 2750
2755, 2754
2755, 2756
2756, 2755
2756, 2757
2757, 2756
2757, 2758
2758, 2757
2758, 2759
2758, 2718
2759, 2758
2759, 2760
2759, 2761
2760, 2759
2761, 2759
2718, 2758
2718, 2719
2718, 2720
2719, 2718
2720, 2718
2720, 2721
2721, 2720
2721, 2722
2721, 2726
2722, 2721
2722, 2723
2723, 2722
2723, 2724
2724, 2723
2724, 2725
2725, 2724
2725, 2726
2726, 2721
2726, 2725
2727, 2752
2727, 2728
2727, 2748
2728, 2727
2728, 2729
2729, 2728
2729, 2730
2730, 2729
2730, 2731
2730, 2746
2731, 2730
2731, 2732
2732, 2731
2732, 2733
2733, 2732
2733, 2734
2733, 2737
2734, 2733
2734, 2735
2734, 2736
2735, 2734
2736, 2734
2737, 2733
2737, 2738
2737, 2739
2738, 2737
2739, 2737
2739, 2740
2740, 2739
2740, 2741
2740, 2745
2741, 2740
2741, 2742
2742, 2741
2742, 2743
2743, 2742
2743, 2744
2744, 2743
2744, 2745
2745, 2740
2745, 2744
2746, 2730
2746, 2747
2746, 2748
2747, 2746
2748, 2727
2748, 2746
2762, 2763
2762, 2764
2762, 2773
2763, 2762
2764, 2762
2764, 2765
2764, 2769
2765, 2764
2765, 2766
2766, 2765
2766, 2767
2767, 2766
2767, 2768
2768, 2767
2768, 2769
2769, 2764
2769, 2768
2769, 2770
2770, 2769
2770, 2771
2770, 2772
2771, 2770
2772, 2770
2772, 2773
2772, 2783
2773, 2762
2773, 2772
2773, 2774
2774, 2773
2774, 2775
2774, 2781
2775, 2774
2775, 2776
2776, 2775
2776, 2777
2777, 2776
2777, 2778
2777, 2779
2777, 2780
2778, 2777
2779, 2777
2780, 2777
2780, 2781
2781, 2774
2781, 2780
2781, 2782
2782, 2781
2782, 2783
2783, 2772
2783, 2782
2783, 2784
2784, 2783
2784, 2785
2785, 2784
2786, 2787
2786, 2788
2786, 2789
2787, 2786
2788, 2786
2789, 2786
2789, 2790
2789, 2796
2790, 2789
2790, 2791
2791, 2790
2791, 2792
2792, 2791
2792, 2793
2793, 2792
2793, 2794
2793, 2796
2794, 2793
2794, 2795
2795, 2794
2796, 2789
2796, 2793
2808, 2809
2808, 2810
2808, 2811
2808, 2801
2809, 2808
2810, 2808
2811, 2808
2811, 2812
2812, 2811
2812, 2813
2812, 2797
2813, 2812
2797, 2812
2797, 2798
2798, 2797
2798, 2799
2799, 2798
2799, 2800
2800, 2799
2801, 2808
2801, 2802
2801, 2807
2802, 2801
2802, 2803
2803, 2802
2803, 2804
2804, 2803
2804, 2805
2804, 2806
2805, 2804
2806, 2804
2806, 2807
2807, 2801
2807, 2806
2822, 2823
2822, 2829
2823, 2822
2823, 2824
2824, 2823
2824, 2825
2824, 2826
2825, 2824
2826, 2824
2826, 2827
2827, 2826
2827, 2828
2827, 2829
2828, 2827
2829, 2822
2829, 2827
2829, 2830
2830, 2829
2830, 2831
2831, 2830
2831, 2814
2831, 2818
2814, 2831
2814, 2815
2815, 2814
2815, 2816
2816, 2815
2816, 2817
2816, 2819
2817, 2816
2817, 2818
2818, 2831
2818, 2817
2819, 2816
2819, 2820
2819, 2821
2820, 2819
2821, 2819
2832, 2833
2832, 2837
2832, 2841
2832, 2845
2833, 2832
2833, 2834
2834, 2833
2834, 2835
2835, 2834
2835, 2836
2836, 2835
2837, 2832
2837, 2838
2838, 2837
2838, 2839
2839, 2838
2839, 2840
2840, 2839
2841, 2832
2841, 2842
2842, 2841
2842, 2843
2842, 2844
2843, 2842
2844, 2842
2845, 2832
2845, 2846
2846, 2845
2846, 2847
2846, 2848
2847, 2846
2848, 2846
2862, 2863
2862, 2864
2862, 2853
2863, 2862
2864, 2862
2864, 2865
2864, 2849
2865, 2864
2865, 2866
2866, 2865
2866, 2867
2867, 2866
2867, 2868
2867, 2850
2868, 2867
2868, 2849
2849, 2864
2849, 2868
2850, 2867
2850, 2851
2850, 2852
2851, 2850
2852, 2850
2853, 2862
2853, 2854
2853, 2858
2854, 2853
2854, 2855
2855, 2854
2855, 2856
2856, 2855
2856, 2857
2856, 2859
2857, 2856
2857, 2858
2858, 2853
2858, 2857
2859, 2856
2859, 2860
2859, 2861
2860, 2859
2861, 2859
2886, 2887
2886, 2877
2887, 2886
2887, 2869
2887, 2873
2869, 2887
2869, 2870
2870, 2869
2870, 2871
2871, 2870
2871, 2872
2871, 2874
2872, 2871
2872, 2873
2873, 2887
2873, 2872
2874, 2871
2874, 2875
2874, 2876
2875, 2874
2876, 2874
2877, 2886
2877, 2878
2877, 2882
2878, 2877
2878, 2879
2879, 2878
2879, 2880
2880, 2879
2880, 2881
2880, 2883
2881, 2880
2881, 2882
2882, 2877
2882, 2881
2883, 2880
2883, 2884
2883, 2885
2884, 2883
2885, 2883
2888, 2889
2888, 2899
2889, 2888
2889, 2890
2889, 2897
2890, 2889
2890, 2891
2890, 2892
2891, 2890
2892, 2890
2892, 2893
2892, 2894
2893, 2892
2894, 2892
2894, 2895
2895, 2894
2895, 2896
2895, 2897
2896, 2895
2897, 2889
2897, 2895
2897, 2898
2898, 2897
2899, 2888
2899, 2900
2899, 2907
2900, 2899
2900, 2901
2900, 2902
2901, 2900
2902, 2900
2902, 2903
2902, 2904
2903, 2902
2904, 2902
2904, 2905
2905, 2904
2905, 2906
2905, 2907
2906, 2905
2907, 2899
2907, 2905
2907, 2908
2908, 2907
2909, 2910
2909, 2911
2909, 2920
2910, 2909
2911, 2909
2911, 2912
2911, 2913
2912, 2911
2913, 2911
2913, 2914
2913, 2915
2914, 2913
2915, 2913
2915, 2916
2915, 2918
2916, 2915
2916, 2917
2917, 2916
2918, 2915
2918, 2919
2918, 2920
2919, 2918
2920, 2909
2920, 2918
2920, 2921
2921, 2920
2921, 2922
2922, 2921
2923, 2924
2923, 2935
2924, 2923
2924, 2925
2925, 2924
2925, 2926
2925, 2930
2926, 2925
2926, 2927
2927, 2926
2927, 2928
2927, 2929
2928, 2927
2929, 2927
2930, 2925
2930, 2931
2931, 2930
2931, 2932
2931, 2933
2932, 2931
2933, 2931
2933, 2934
2934, 2933
2935, 2923
2935, 2936
2935, 2941
2936, 2935
2936, 2937
2937, 2936
2937, 2938
2937, 2939
2938, 2937
2939, 2937
2939, 2940
2940, 2939
2941, 2935
2941, 2942
2942, 2941
2942, 2943
2942, 2944
2943, 2942
2944, 2942
2944, 2945
2945, 2944
2946, 2947
2947, 2946
2947, 2948
2947, 2949
2947, 2955
2948, 2947
2949, 2947
2949, 2950
2950, 2949
2950, 2951
2950, 2952
2951, 2950
2952, 2950
2952, 2953
2953, 2952
2953, 2954
2953, 2955
2954, 2953
2955, 2947
2955, 2953
2971, 2956
2971, 2967
2956, 2971
2956, 2957
2956, 2965
2957, 2956
2957, 2958
2957, 2959
2958, 2957
2959, 2957
2959, 2960
2959, 2964
2960, 2959
2960, 2961
2961, 2960
2961, 2962
2962, 2961
2962, 2963
2963, 2962
2963, 2964
2964, 2959
2964, 2963
2964, 2965
2965, 2956
2965, 2964
2965, 2966
2966, 2965
2967, 2971
2967, 2968
2967, 2969
2967, 2970
2968, 2967
2969, 2967
2970, 2967
2975, 2976
2975, 2984
2976, 2975
2976, 2977
2977, 2976
2977, 2978
2977, 2982
2978, 2977
2978, 2979
2979, 2978
2979, 2980
2980, 2979
2980, 2981
2981, 2980
2982, 2977
2982, 2983
2982, 2972
2983, 2982
2983, 2984
2984, 2975
2984, 2983
2984, 2985
2985, 2984
2985, 2986
2985, 2989
2986, 2985
2986, 2987
2987, 2986
2987, 2988
2988, 2987
2989, 2985
2989, 2990
2990, 2989
2990, 2991
2991, 2990
2972, 2982
2972, 2973
2972, 2974
2973, 2972
2974, 2972
3007, 3008
3007, 3014
3007, 3017
3008, 3007
3008, 3009
3009, 3008
3009, 3010
3009, 3012
3010, 3009
3010, 3011
3011, 3010
3012, 3009
3012, 3013
3013, 3012
3013, 3014
3014, 3007
3014, 3013
3014, 3015
3015, 3014
3015, 3016
3015, 3025
3016, 3015
3016, 3017
3016, 3018
3017, 3007
3017, 3016
3018, 3016
3018, 3019
3018, 3023
3019, 3018
3019, 3020
3020, 3019
3020, 3021
3020, 3002
3021, 3020
3021, 3022
3021, 3026
3022, 3021
3022, 3023
3023, 3018
3023, 3022
3023, 3024
3024, 3023
3024, 3025
3025, 3015
3025, 3024
3026, 3021
3026, 3027
3027, 3026
3027, 3028
3027, 2999
3028, 3027
3028, 3029
3029, 3028
3029, 3030
3029, 3031
3030, 3029
3031, 3029
3031, 3032
3031, 2998
3032, 3031
3032, 3033
3033, 3032
3033, 3034
3033, 2992
3034, 3033
3034, 3035
3035, 3034
2992, 3033
2992, 2993
2992, 2995
2993, 2992
2993, 2994
2994, 2993
2995, 2992
2995, 2996
2995, 2998
2996, 2995
2996, 2997
2997, 2996
2998, 3031
2998, 2995
2999, 3027
2999, 3000
2999, 3002
3000, 2999
3000, 3001
3001, 3000
3002, 3020
3002, 2999
3002, 3003
3003, 3002
3003, 3004
3003, 3005
3004, 3003
3005, 3003
3005, 3006
3006, 3005
3038, 3039
3038, 3045
3038, 3052
3039, 3038
3039, 3040
3040, 3039
3040, 3041
3040, 3042
3041, 3040
3042, 3040
3042, 3043
3043, 3042
3043, 3044
3044, 3043
3045, 3038
3045, 3046
3046, 3045
3046, 3047
3046, 3048
3046, 3050
3047, 3046
3048, 3046
3048, 3049
3049, 3048
3050, 3046
3050, 3051
3051, 3050
3052, 3038
3052, 3053
3052, 3054
3053, 3052
3054, 3052
3054, 3036
3036, 3054
3036, 3037
3037, 3036
3055, 3056
3055, 3057
3055, 3063
3055, 3069
3056, 3055
3057, 3055
3057, 3058
3057, 3059
3058, 3057
3059, 3057
3059, 3060
3059, 3061
3059, 3071
3060, 3059
3061, 3059
3061, 3062
3061, 3068
3062, 3061
3062, 3063
3062, 3067
3063, 3055
3063, 3062
3063, 3064
3064, 3063
3064, 3065
3064, 3068
3065, 3064
3065, 3066
3065, 3067
3066, 3065
3066, 3067
3067, 3062
3067, 3065
3067, 3066
3068, 3061
3068, 3064
3068, 3069
3069, 3055
3069, 3068
3069, 3070
3069, 3071
3070, 3069
3071, 3059
3071, 3069
3071, 3072
3071, 3073
3072, 3071
3073, 3071
3079, 3080
3080, 3079
3080, 3081
3080, 3076
3081, 3080
3081, 3082
3082, 3081
3082, 3083
3082, 3087
3083, 3082
3083, 3084
3084, 3083
3084, 3085
3085, 3084
3085, 3086
3086, 3085
3086, 3087
3086, 3088
3087, 3082
3087, 3086
3088, 3086
3088, 3089
3088, 3074
3088, 3075
3089, 3088
3074, 3088
3075, 3088
3076, 3080
3076, 3077
3076, 3078
3077, 3076
3078, 3076
3090, 3091
3090, 3092
3090, 3096
3091, 3090
3092, 3090
3092, 3093
3093, 3092
3093, 3094
3093, 3095
3094, 3093
3095, 3093
3096, 3090
3096, 3097
3096, 3105
3097, 3096
3097, 3098
3098, 3097
3098, 3099
3099, 3098
3099, 3100
3099, 3104
3100, 3099
3100, 3101
3101, 3100
3101, 3102
3102, 3101
3102, 3103
3103, 3102
3104, 3099
3104, 3105
3105, 3096
3105, 3104
3106, 3107
3106, 3111
3107, 3106
3107, 3108
3107, 3109
3108, 3107
3109, 3107
3109, 3110
3110, 3109
3111, 3106
3111, 3112
3111, 3113
3112, 3111
3113, 3111
3113, 3114
3114, 3113
3128, 3129
3128, 3120
3129, 3128
3129, 3115
3129, 3119
3115, 3129
3115, 3116
3116, 3115
3116, 3117
3117, 3116
3117, 3118
3118, 3117
3118, 3119
3119, 3129
3119, 3118
3120, 3128
3120, 3121
3120, 3127
3121, 3120
3121, 3122
3122, 3121
3122, 3123
3123, 3122
3123, 3124
3123, 3126
3124, 3123
3124, 3125
3125, 3124
3126, 3123
3126, 3127
3127, 3120
3127, 3126
3130, 3131
3130, 3135
3131, 3130
3131, 3132
3132, 3131
3132, 3133
3133, 3132
3133, 3134
3134, 3133
3134, 3135
3134, 3136
3135, 3130
3135, 3134
3136, 3134
3136, 3137
3137, 3136
3137, 3138
3138, 3137
3138, 3139
3139, 3138
3139, 3140
3140, 3139
3140, 3141
3140, 3142
3141, 3140
3142, 3140
3142, 3143
3142, 3147
3143, 3142
3143, 3144
3144, 3143
3144, 3145
3145, 3144
3145, 3146
3146, 3145
3146, 3147
3147, 3142
3147, 3146
3147, 3148
3148, 3147
3149, 3150
3149, 3151
3149, 3153
3149, 3155
3150, 3149
3151, 3149
3151, 3152
3152, 3151
3153, 3149
3153, 3154
3154, 3153
3155, 3149
3155, 3156
3155, 3160
3156, 3155
3156, 3157
3157, 3156
3157, 3158
3158, 3157
3158, 3159
3159, 3158
3159, 3160
3160, 3155
3160, 3159
3161, 3162
3162, 3161
3162, 3163
3162, 3180
3163, 3162
3163, 3164
3163, 3170
3164, 3163
3164, 3165
3164, 3166
3165, 3164
3166, 3164
3166, 3167
3167, 3166
3167, 3168
3168, 3167
3168, 3169
3168, 3170
3169, 3168
3170, 3163
3170, 3168
3170, 3171
3171, 3170
3171, 3172
3171, 3173
3172, 3171
3173, 3171
3173, 3174
3173, 3180
3174, 3173
3174, 3175
3174, 3176
3175, 3174
3176, 3174
3176, 3177
3177, 3176
3177, 3178
3178, 3177
3178, 3179
3178, 3180
3179, 3178
3180, 3162
3180, 3173
3180, 3178
3181, 3182
3181, 3183
3181, 3184
3182, 3181
3183, 3181
3184, 3181
3184, 3185
3184, 3192
3185, 3184
3185, 3186
3186, 3185
3186, 3187
3186, 3188
3187, 3186
3188, 3186
3188, 3189
3188, 3190
3189, 3188
3190, 3188
3190, 3191
3190, 3192
3191, 3190
3192, 3184
3192, 3190
3192, 3193
3193, 3192
3194, 3195
3194, 3202
3195, 3194
3195, 3196
3195, 3197
3196, 3195
3197, 3195
3197, 3198
3198, 3197
3198, 3199
3198, 3200
3199, 3198
3200, 3198
3200, 3201
3200, 3202
3201, 3200
3202, 3194
3202, 3200
3202, 3203
3203, 3202
3203, 3204
3203, 3205
3204, 3203
3205, 3203
3210, 3211
3211, 3210
3211, 3212
3211, 3213
3212, 3211
3213, 3211
3213, 3214
3213, 3209
3214, 3213
3214, 3215
3214, 3216
3215, 3214
3216, 3214
3216, 3217
3217, 3216
3217, 3218
3218, 3217
3218, 3219
3218, 3209
3219, 3218
3219, 3220
3219, 3221
3220, 3219
3221, 3219
3221, 3222
3221, 3206
3222, 3221
3222, 3223
3223, 3222
3223, 3224
3224, 3223
3224, 3225
3225, 3224
3225, 3206
3206, 3221
3206, 3225
3206, 3207
3207, 3206
3207, 3208
3207, 3209
3208, 3207
3209, 3213
3209, 3218
3209, 3207
3227, 3228
3227, 3229
3227, 3235
3227, 3241
3228, 3227
3229, 3227
3229, 3230
3230, 3229
3230, 3231
3231, 3230
3231, 3232
3231, 3233
3232, 3231
3233, 3231
3233, 3234
3234, 3233
3235, 3227
3235, 3236
3236, 3235
3236, 3237
3237, 3236
3237, 3238
3237, 3239
3238, 3237
3239, 3237
3239, 3240
3240, 3239
3241, 3227
3241, 3242
3242, 3241
3242, 3243
3243, 3242
3243, 3244
3243, 3245
3244, 3243
3245, 3243
3245, 3226
3226, 3245
3246, 3247
3246, 3248
3247, 3246
3248, 3246
3248, 3249
3248, 3255
3249, 3248
3249, 3250
3250, 3249
3250, 3251
3250, 3252
3251, 3250
3252, 3250
3252, 3253
3253, 3252
3253, 3254
3253, 3255
3254, 3253
3255, 3248
3255, 3253
3255, 3256
3256, 3255
3256, 3257
3256, 3262
3257, 3256
3257, 3258
3258, 3257
3258, 3259
3259, 3258
3259, 3260
3259, 3261
3260, 3259
3261, 3259
3261, 3262
3262, 3256
3262, 3261
3268, 3269
3268, 3279
3269, 3268
3269, 3270
3269, 3271
3270, 3269
3271, 3269
3271, 3272
3271, 3278
3272, 3271
3272, 3273
3273, 3272
3273, 3274
3273, 3275
3274, 3273
3275, 3273
3275, 3276
3276, 3275
3276, 3277
3276, 3278
3277, 3276
3278, 3271
3278, 3276
3279, 3268
3279, 3280
3279, 3267
3280, 3279
3280, 3281
3281, 3280
3281, 3263
3281, 3264
3263, 3281
3264, 3281
3264, 3265
3265, 3264
3265, 3266
3265, 3267
3266, 3265
3267, 3279
3267, 3265
3282, 3283
3282, 3284
3282, 3290
3282, 3296
3283, 3282
3284, 3282
3284, 3285
3284, 3289
3285, 3284
3285, 3286
3286, 3285
3286, 3287
3287, 3286
3287, 3288
3288, 3287
3288, 3289
3289, 3284
3289, 3288
3290, 3282
3290, 3291
3290, 3295
3291, 3290
3291, 3292
3292, 3291
3292, 3293
3293, 3292
3293, 3294
3294, 3293
3294, 3295
3295, 3290
3295, 3294
3296, 3282
3296, 3297
3296, 3301
3297, 3296
3297, 3298
3298, 3297
3298, 3299
3299, 3298
3299, 3300
3300, 3299
3300, 3301
3301, 3296
3301, 3300
3302, 3303
3302, 3309
3303, 3302
3303, 3304
3303, 3308
3304, 3303
3304, 3305
3305, 3304
3305, 3306
3306, 3305
3306, 3307
3307, 3306
3307, 3308
3308, 3303
3308, 3307
3309, 3302
3309, 3310
3309, 3313
3310, 3309
3310, 3311
3311, 3310
3311, 3312
3312, 3311
3313, 3309
3313, 3314
3313, 3315
3314, 3313
3315, 3313
3315, 3316
3316, 3315
3316, 3317
3317, 3316
3317, 3318
3317, 3322
3318, 3317
3318, 3319
3319, 3318
3319, 3320
3320, 3319
3320, 3321
3321, 3320
3321, 3322
3322, 3317
3322, 3321
3332, 3333
3332, 3334
3332, 3335
3332, 3325
3333, 3332
3334, 3332
3335, 3332
3335, 3336
3336, 3335
3336, 3337
3336, 3324
3337, 3336
3337, 3338
3337, 3339
3338, 3337
3339, 3337
3339, 3340
3339, 3323
3340, 3339
3323, 3339
3323, 3324
3324, 3336
3324, 3323
3325, 3332
3325, 3326
3325, 3331
3326, 3325
3326, 3327
3327, 3326
3327, 3328
3328, 3327
3328, 3329
3328, 3330
3329, 3328
3330, 3328
3330, 3331
3331, 3325
3331, 3330
3341, 3342
3342, 3341
3342, 3343
3342, 3344
3343, 3342
3344, 3342
3344, 3345
3344, 3346
3345, 3344
3346, 3344
3346, 3347
3347, 3346
3347, 3348
3347, 3355
3348, 3347
3348, 3349
3349, 3348
3349, 3350
3350, 3349
3350, 3351
3350, 3355
3351, 3350
3351, 3352
3352, 3351
3352, 3353
3353, 3352
3353, 3354
3354, 3353
3354, 3355
3355, 3347
3355, 3350
3355, 3354
3356, 3357
3356, 3366
3357, 3356
3357, 3358
3358, 3357
3358, 3359
3358, 3360
3359, 3358
3360, 3358
3360, 3361
3360, 3365
3361, 3360
3361, 3362
3362, 3361
3362, 3363
3363, 3362
3363, 3364
3364, 3363
3364, 3365
3365, 3360
3365, 3364
3365, 3366
3366, 3356
3366, 3365
3374, 3375
3374, 3382
3375, 3374
3375, 3376
3375, 3370
3376, 3375
3376, 3377
3377, 3376
3377, 3378
3378, 3377
3378, 3379
3378, 3382
3379, 3378
3379, 3380
3380, 3379
3380, 3381
3381, 3380
3382, 3374
3382, 3378
3382, 3367
3367, 3382
3367, 3368
3367, 3369
3368, 3367
3369, 3367
3370, 3375
3370, 3371
3371, 3370
3371, 3372
3371, 3373
3372, 3371
3373, 3371
3383, 3384
3383, 3388
3384, 3383
3384, 3385
3385, 3384
3385, 3386
3385, 3387
3386, 3385
3387, 3385
3388, 3383
3388, 3389
3388, 3390
3389, 3388
3390, 3388
3391, 3392
3392, 3391
3392, 3393
3392, 3394
3393, 3392
3394, 3392
3394, 3395
3395, 3394
3395, 3396
3395, 3400
3396, 3395
3396, 3397
3397, 3396
3397, 3398
3397, 3399
3398, 3397
3399, 3397
3400, 3395
3400, 3401
3401, 3400
3401, 3402
3401, 3403
3402, 3401
3403, 3401
3413, 3414
3414, 3413
3414, 3415
3414, 3410
3415, 3414
3415, 3416
3415, 3420
3416, 3415
3416, 3417
3417, 3416
3417, 3418
3418, 3417
3418, 3419
3419, 3418
3419, 3420
3420, 3415
3420, 3419
3420, 3421
3421, 3420
3421, 3422
3421, 3411
3422, 3421
3422, 3423
3423, 3422
3423, 3424
3424, 3423
3424, 3425
3424, 3412
3425, 3424
3425, 3426
3425, 3427
3426, 3425
3427, 3425
3427, 3428
3427, 3406
3428, 3427
3428, 3429
3429, 3428
3429, 3404
3404, 3429
3404, 3405
3405, 3404
3405, 3406
3406, 3427
3406, 3405
3406, 3407
3407, 3406
3407, 3408
3407, 3412
3408, 3407
3408, 3409
3409, 3408
3409, 3410
3410, 3414
3410, 3409
3410, 3411
3411, 3421
3411, 3410
3411, 3412
3412, 3424
3412, 3407
3412, 3411
3430, 3431
3430, 3441
3431, 3430
3431, 3432
3431, 3437
3432, 3431
3432, 3433
3433, 3432
3433, 3434
3433, 3435
3434, 3433
3435, 3433
3435, 3436
3436, 3435
3436, 3437
3436, 3438
3437, 3431
3437, 3436
3438, 3436
3438, 3439
3438, 3440
3439, 3438
3440, 3438
3441, 3430
3441, 3442
3441, 3443
3441, 3446
3442, 3441
3443, 3441
3443, 3444
3444, 3443
3444, 3445
3445, 3444
3446, 3441
3446, 3447
3447, 3446
3447, 3448
3448, 3447
3457, 3458
3457, 3459
3457, 3460
3457, 3450
3458, 3457
3459, 3457
3460, 3457
3460, 3449
3449, 3460
3450, 3457
3450, 3451
3451, 3450
3451, 3452
3452, 3451
3452, 3453
3453, 3452
3453, 3454
3453, 3455
3454, 3453
3455, 3453
3455, 3456
3456, 3455
3461, 3462
3461, 3466
3462, 3461
3462, 3463
3463, 3462
3463, 3464
3463, 3465
3463, 3466
3464, 3463
3465, 3463
3466, 3461
3466, 3463
3466, 3467
3467, 3466
3469, 3470
3469, 3478
3470, 3469
3470, 3471
3471, 3470
3471, 3472
3471, 3476
3472, 3471
3472, 3473
3473, 3472
3473, 3474
3474, 3473
3474, 3475
3475, 3474
3476, 3471
3476, 3477
3476, 3480
3477, 3476
3477, 3478
3478, 3469
3478, 3477
3478, 3479
3479, 3478
3480, 3476
3480, 3481
3480, 3468
3481, 3480
3468, 3480
3482, 3483
3482, 3487
3483, 3482
3483, 3484
3484, 3483
3484, 3485
3485, 3484
3485, 3486
3486, 3485
3486, 3487
3486, 3489
3487, 3482
3487, 3486
3487, 3488
3488, 3487
3489, 3486
3489, 3490
3490, 3489
3492, 3493
3492, 3500
3493, 3492
3493, 3494
3494, 3493
3494, 3495
3494, 3497
3495, 3494
3495, 3496
3496, 3495
3497, 3494
3497, 3498
3497, 3499
3498, 3497
3499, 3497
3499, 3500
3500, 3492
3500, 3499
3500, 3491
3491, 3500
3501, 3502
3502, 3501
3502, 3503
3502, 3504
3503, 3502
3504, 3502
3504, 3505
3505, 3504
3505, 3506
3505, 3507
3506, 3505
3507, 3505
3507, 3508
3508, 3507
3508, 3509
3509, 3508
3509, 3510
3509, 3511
3510, 3509
3511, 3509
3512, 3513
3512, 3514
3512, 3517
3513, 3512
3514, 3512
3514, 3515
3515, 3514
3515, 3516
3516, 3515
3517, 3512
3517, 3518
3518, 3517
3518, 3519
3519, 3518
3528, 3529
3528, 3521
3529, 3528
3529, 3530
3529, 3520
3530, 3529
3530, 3531
3531, 3530
3531, 3532
3532, 3531
3532, 3533
3533, 3532
3533, 3520
3520, 3529
3520, 3533
3521, 3528
3521, 3522
3521, 3527
3522, 3521
3522, 3523
3523, 3522
3523, 3524
3524, 3523
3524, 3525
3524, 3526
3525, 3524
3526, 3524
3526, 3527
3527, 3521
3527, 3526
3534, 3535
3534, 3536
3534, 3538
3534, 3540
3535, 3534
3536, 3534
3536, 3537
3537, 3536
3538, 3534
3538, 3539
3539, 3538
3540, 3534
3540, 3541
3541, 3540
3542, 3543
3542, 3550
3542, 3557
3543, 3542
3543, 3544
3543, 3549
3544, 3543
3544, 3545
3545, 3544
3545, 3546
3546, 3545
3546, 3547
3546, 3548
3547, 3546
3548, 3546
3548, 3549
3549, 3543
3549, 3548
3550, 3542
3550, 3551
3550, 3556
3551, 3550
3551, 3552
3552, 3551
3552, 3553
3553, 3552
3553, 3554
3553, 3555
3554, 3553
3555, 3553
3555, 3556
3556, 3550
3556, 3555
3557, 3542
3557, 3558
3557, 3563
3558, 3557
3558, 3559
3559, 3558
3559, 3560
3560, 3559
3560, 3561
3560, 3562
3561, 3560
3562, 3560
3562, 3563
3563, 3557
3563, 3562
3568, 3569
3568, 3570
3568, 3574
3569, 3568
3570, 3568
3570, 3571
3571, 3570
3571, 3572
3572, 3571
3572, 3573
3573, 3572
3574, 3568
3574, 3575
3574, 3579
3575, 3574
3575, 3576
3576, 3575
3576, 3577
3577, 3576
3577, 3578
3578, 3577
3578, 3579
3579, 3574
3579, 3578
3579, 3580
3580, 3579
3580, 3581
3580, 3564
3581, 3580
3564, 3580
3564, 3565
3565, 3564
3565, 3566
3566, 3565
3566, 3567
3567, 3566
3582, 3583
3583, 3582
3583, 3584
3583, 3598
3584, 3583
3584, 3585
3584, 3589
3585, 3584
3585, 3586
3586, 3585
3586, 3587
3587, 3586
3587, 3588
3588, 3587
3588, 3589
3589, 3584
3589, 3588
3589, 3590
3590, 3589
3590, 3591
3590, 3592
3591, 3590
3592, 3590
3592, 3593
3592, 3598
3593, 3592
3593, 3594
3594, 3593
3594, 3595
3595, 3594
3595, 3596
3595, 3597
3596, 3595
3597, 3595
3597, 3598
3598, 3583
3598, 3592
3598, 3597
3600, 3601
3601, 3600
3601, 3602
3601, 3599
3602, 3601
3602, 3603
3603, 3602
3603, 3604
3604, 3603
3604, 3605
3605, 3604
3605, 3606
3605, 3599
3606, 3605
3606, 3607
3606, 3608
3607, 3606
3608, 3606
3608, 3609
3609, 3608
3609, 3610
3610, 3609
3610, 3599
3599, 3601
3599, 3605
3599, 3610
3611, 3612
3612, 3611
3612, 3613
3612, 3617
3613, 3612
3613, 3614
3614, 3613
3614, 3615
3614, 3616
3615, 3614
3616, 3614
3616, 3617
3617, 3612
3617, 3616
3617, 3618
3618, 3617
3618, 3619
3618, 3623
3619, 3618
3619, 3620
3620, 3619
3620, 3621
3621, 3620
3621, 3622
3622, 3621
3622, 3623
3623, 3618
3623, 3622
3624, 3625
3625, 3624
3625, 3626
3625, 3628
3626, 3625
3626, 3627
3627, 3626
3628, 3625
3628, 3629
3629, 3628
3629, 3630
3629, 3639
3630, 3629
3630, 3631
3631, 3630
3631, 3632
3631, 3633
3632, 3631
3633, 3631
3633, 3634
3633, 3637
3634, 3633
3634, 3635
3634, 3636
3635, 3634
3636, 3634
3637, 3633
3637, 3638
3637, 3639
3638, 3637
3639, 3629
3639, 3637
3640, 3641
3640, 3644
3641, 3640
3641, 3642
3641, 3651
3642, 3641
3642, 3643
3643, 3642
3643, 3644
3643, 3645
3644, 3640
3644, 3643
3645, 3643
3645, 3646
3646, 3645
3646, 3647
3646, 3648
3647, 3646
3648, 3646
3648, 3649
3649, 3648
3649, 3650
3650, 3649
3651, 3641
3651, 3652
3651, 3653
3652, 3651
3653, 3651
3654, 3655
3654, 3656
3654, 3657
3654, 3658
3655, 3654
3656, 3654
3657, 3654
3658, 3654
3658, 3659
3658, 3664
3659, 3658
3659, 3660
3660, 3659
3660, 3661
3660, 3662
3661, 3660
3662, 3660
3662, 3663
3663, 3662
3663, 3664
3663, 3666
3664, 3658
3664, 3663
3664, 3665
3665, 3664
3666, 3663
3666, 3667
3666, 3668
3666, 3669
3667, 3666
3668, 3666
3669, 3666
3670, 3671
3671, 3670
3671, 3672
3671, 3673
3672, 3671
3673, 3671
3673, 3674
3673, 3678
3674, 3673
3674, 3675
3675, 3674
3675, 3676
3676, 3675
3676, 3677
3676, 3678
3677, 3676
3678, 3673
3678, 3676
3679, 3680
3680, 3679
3680, 3681
3680, 3682
3681, 3680
3682, 3680
3682, 3683
3682, 3687
3683, 3682
3683, 3684
3684, 3683
3684, 3685
3684, 3689
3685, 3684
3685, 3686
3686, 3685
3686, 3687
3687, 3682
3687, 3686
3687, 3688
3688, 3687
3689, 3684
3689, 3690
3689, 3691
3690, 3689
3691, 3689
3692, 3693
3692, 3702
3693, 3692
3693, 3694
3693, 3695
3694, 3693
3695, 3693
3695, 3696
3696, 3695
3696, 3697
3696, 3701
3697, 3696
3697, 3698
3698, 3697
3698, 3699
3699, 3698
3699, 3700
3700, 3699
3700, 3701
3701, 3696
3701, 3700
3702, 3692
3702, 3703
3702, 3707
3703, 3702
3703, 3704
3704, 3703
3704, 3705
3705, 3704
3705, 3706
3706, 3705
3706, 3707
3707, 3702
3707, 3706
3708, 3709
3708, 3710
3708, 3713
3708, 3716
3709, 3708
3710, 3708
3710, 3711
3710, 3712
3711, 3710
3711, 3712
3712, 3710
3712, 3711
3713, 3708
3713, 3714
3713, 3715
3714, 3713
3714, 3715
3715, 3713
3715, 3714
3716, 3708
3716, 3717
3716, 3718
3717, 3716
3717, 3718
3718, 3716
3718, 3717
3766, 3767
3766, 3768
3766, 3730
3767, 3766
3768, 3766
3768, 3769
3769, 3768
3769, 3770
3769, 3722
3770, 3769
3770, 3719
3719, 3770
3719, 3720
3720, 3719
3720, 3721
3720, 3723
3721, 3720
3721, 3722
3722, 3769
3722, 3721
3723, 3720
3723, 3724
3723, 3727
3724, 3723
3724, 3725
3725, 3724
3725, 3726
3726, 3725
3727, 3723
3727, 3728
3728, 3727
3728, 3729
3729, 3728
3730, 3766
3730, 3731
3731, 3730
3731, 3732
3731, 3747
3732, 3731
3732, 3733
3733, 3732
3733, 3734
3734, 3733
3734, 3735
3734, 3747
3735, 3734
3735, 3736
3735, 3744
3736, 3735
3736, 3737
3737, 3736
3737, 3738
3738, 3737
3738, 3739
3738, 3743
3739, 3738
3739, 3740
3740, 3739
3740, 3741
3740, 3749
3741, 3740
3741, 3742
3742, 3741
3742, 3743
3743, 3738
3743, 3742
3743, 3744
3744, 3735
3744, 3743
3744, 3745
3745, 3744
3745, 3746
3746, 3745
3746, 3747
3747, 3731
3747, 3734
3747, 3746
3747, 3748
3748, 3747
3749, 3740
3749, 3750
3750, 3749
3750, 3751
3750, 3752
3751, 3750
3752, 3750
3752, 3753
3753, 3752
3753, 3754
3753, 3758
3754, 3753
3754, 3755
3755, 3754
3755, 3756
3756, 3755
3756, 3757
3756, 3759
3757, 3756
3757, 3758
3758, 3753
3758, 3757
3759, 3756
3759, 3760
3759, 3763
3760, 3759
3760, 3761
3761, 3760
3761, 3762
3762, 3761
3763, 3759
3763, 3764
3764, 3763
3764, 3765
3765, 3764
3771, 3772
3772, 3771
3772, 3773
3772, 3774
3773, 3772
3774, 3772
3774, 3775
3775, 3774
3775, 3776
3775, 3777
3776, 3775
3777, 3775
3777, 3778
3778, 3777
3778, 3779
3779, 3778
3779, 3780
3780, 3779
3781, 3782
3781, 3786
3782, 3781
3782, 3783
3783, 3782
3783, 3784
3783, 3790
3784, 3783
3784, 3785
3785, 3784
3785, 3786
3786, 3781
3786, 3785
3786, 3787
3787, 3786
3787, 3788
3787, 3789
3788, 3787
3789, 3787
3790, 3783
3790, 3791
3790, 3792
3790, 3793
3791, 3790
3792, 3790
3793, 3790
3793, 3794
3794, 3793
3794, 3795
3794, 3796
3795, 3794
3796, 3794
3796, 3797
3797, 3796
3797, 3798
3797, 3802
3798, 3797
3798, 3799
3799, 3798
3799, 3800
3800, 3799
3800, 3801
3801, 3800
3801, 3802
3802, 3797
3802, 3801
3803, 3804
3803, 3805
3803, 3806
3803, 3817
3804, 3803
3805, 3803
3806, 3803
3806, 3807
3807, 3806
3807, 3808
3807, 3809
3808, 3807
3809, 3807
3809, 3810
3810, 3809
3810, 3811
3810, 3816
3811, 3810
3811, 3812
3812, 3811
3812, 3813
3813, 3812
3813, 3814
3814, 3813
3814, 3815
3815, 3814
3815, 3816
3816, 3810
3816, 3815
3817, 3803
3817, 3818
3817, 3823
3818, 3817
3818, 3819
3819, 3818
3819, 3820
3820, 3819
3820, 3821
3820, 3822
3821, 3820
3822, 3820
3822, 3823
3823, 3817
3823, 3822
3824, 3825
3824, 3829
3825, 3824
3825, 3826
3826, 3825
3826, 3827
3826, 3828
3827, 3826
3827, 3828
3828, 3826
3828, 3827
3829, 3824
3829, 3830
3829, 3834
3830, 3829
3830, 3831
3831, 3830
3831, 3832
3832, 3831
3832, 3833
3833, 3832
3833, 3834
3833, 3835
3834, 3829
3834, 3833
3835, 3833
3835, 3836
3836, 3835
3836, 3837
3837, 3836
3837, 3838
3837, 3839
3838, 3837
3838, 3839
3839, 3837
3839, 3838
3852, 3853
3853, 3852
3853, 3854
3853, 3840
3853, 3842
3854, 3853
3854, 3855
3855, 3854
3840, 3853
3840, 3841
3841, 3840
3842, 3853
3842, 3843
3843, 3842
3843, 3844
3843, 3848
3844, 3843
3844, 3845
3845, 3844
3845, 3846
3846, 3845
3846, 3847
3846, 3849
3847, 3846
3847, 3848
3848, 3843
3848, 3847
3849, 3846
3849, 3850
3849, 3851
3850, 3849
3851, 3849
3863, 3864
3863, 3865
3863, 3866
3864, 3863
3865, 3863
3866, 3863
3866, 3867
3866, 3875
3867, 3866
3867, 3868
3867, 3874
3868, 3867
3868, 3869
3869, 3868
3869, 3870
3870, 3869
3870, 3871
3870, 3873
3871, 3870
3871, 3872
3872, 3871
3873, 3870
3873, 3874
3874, 3867
3874, 3873
3875, 3866
3875, 3856
3875, 3862
3856, 3875
3856, 3857
3857, 3856
3857, 3858
3858, 3857
3858, 3859
3858, 3861
3859, 3858
3859, 3860
3860, 3859
3861, 3858
3861, 3862
3862, 3875
3862, 3861
3876, 3877
3876, 3886
3877, 3876
3877, 3878
3878, 3877
3878, 3879
3879, 3878
3879, 3880
3879, 3885
3880, 3879
3880, 3881
3880, 3882
3881, 3880
3882, 3880
3882, 3883
3883, 3882
3883, 3884
3883, 3885
3884, 3883
3885, 3879
3885, 3883
3885, 3886
3886, 3876
3886, 3885
3887, 3888
3887, 3890
3888, 3887
3888, 3889
3889, 3888
3890, 3887
3890, 3891
3890, 3892
3890, 3893
3891, 3890
3892, 3890
3893, 3890
3899, 3900
3899, 3901
3899, 3902
3900, 3899
3901, 3899
3902, 3899
3902, 3903
3902, 3895
3903, 3902
3903, 3904
3904, 3903
3904, 3905
3905, 3904
3905, 3894
3894, 3905
3894, 3895
3895, 3902
3895, 3894
3895, 3896
3896, 3895
3896, 3897
3896, 3898
3897, 3896
3898, 3896
3906, 3907
3906, 3914
3907, 3906
3907, 3908
3907, 3909
3908, 3907
3909, 3907
3909, 3910
3909, 3911
3910, 3909
3911, 3909
3911, 3912
3912, 3911
3912, 3913
3912, 3914
3913, 3912
3914, 3906
3914, 3912
3914, 3915
3915, 3914
3925, 3926
3926, 3925
3926, 3927
3926, 3928
3927, 3926
3928, 3926
3928, 3916
3928, 3924
3916, 3928
3916, 3917
3917, 3916
3917, 3918
3918, 3917
3918, 3919
3919, 3918
3919, 3920
3919, 3924
3920, 3919
3920, 3921
3921, 3920
3921, 3922
3922, 3921
3922, 3923
3923, 3922
3923, 3924
3924, 3928
3924, 3919
3924, 3923
3929, 3930
3930, 3929
3930, 3931
3930, 3932
3931, 3930
3931, 3932
3932, 3930
3932, 3931
3933, 3934
3933, 3935
3933, 3936
3934, 3933
3935, 3933
3936, 3933
3936, 3937
3936, 3945
3937, 3936
3937, 3938
3937, 3939
3938, 3937
3939, 3937
3939, 3940
3939, 3941
3940, 3939
3941, 3939
3941, 3942
3941, 3943
3942, 3941
3943, 3941
3943, 3944
3943, 3945
3944, 3943
3945, 3936
3945, 3943
3945, 3946
3946, 3945
3950, 3951
3950, 3956
3951, 3950
3951, 3952
3951, 3953
3952, 3951
3953, 3951
3953, 3954
3953, 3955
3954, 3953
3955, 3953
3956, 3950
3956, 3957
3956, 3949
3957, 3956
3957, 3958
3958, 3957
3958, 3959
3959, 3958
3959, 3947
3959, 3948
3947, 3959
3948, 3959
3948, 3949
3949, 3956
3949, 3948
3960, 3961
3961, 3960
3961, 3962
3961, 3983
3961, 3987
3962, 3961
3962, 3963
3963, 3962
3963, 3964
3964, 3963
3964, 3965
3964, 3982
3965, 3964
3965, 3966
3966, 3965
3966, 3967
3966, 3968
3967, 3966
3968, 3966
3968, 3969
3969, 3968
3969, 3970
3969, 3974
3970, 3969
3970, 3971
3971, 3970
3971, 3972
3972, 3971
3972, 3973
3972, 3975
3973, 3972
3973, 3974
3974, 3969
3974, 3973
3975, 3972
3975, 3976
3975, 3979
3976, 3975
3976, 3977
3977, 3976
3977, 3978
3978, 3977
3979, 3975
3979, 3980
3980, 3979
3980, 3981
3981, 3980
3982, 3964
3982, 3983
3983, 3961
3983, 3982
3983, 3984
3984, 3983
3984, 3985
3985, 3984
3985, 3986
3986, 3985
3986, 3987
3986, 3995
3987, 3961
3987, 3986
3987, 3988
3988, 3987
3988, 3989
3989, 3988
3989, 3990
3990, 3989
3990, 3991
3990, 3992
3990, 3995
3991, 3990
3992, 3990
3992, 3993
3992, 3996
3993, 3992
3993, 3994
3994, 3993
3994, 3995
3995, 3986
3995, 3990
3995, 3994
3996, 3992
3996, 3997
3996, 3998
3997, 3996
3998, 3996
3998, 3999
3999, 3998
3999, 4000
4000, 3999
4000, 4001
4001, 4000
4001, 4002
4001, 4003
4002, 4001
4003, 4001
4012, 4013
4012, 4017
4012, 4007
4013, 4012
4013, 4014
4014, 4013
4014, 4015
4015, 4014
4015, 4016
4016, 4015
4016, 4017
4017, 4012
4017, 4016
4017, 4004
4004, 4017
4004, 4005
4005, 4004
4005, 4006
4006, 4005
4006, 4007
4007, 4012
4007, 4006
4007, 4008
4008, 4007
4008, 4009
4009, 4008
4009, 4010
4010, 4009
4010, 4011
4011, 4010
4018, 4019
4018, 4021
4018, 4023
4019, 4018
4019, 4020
4020, 4019
4021, 4018
4021, 4022
4022, 4021
4023, 4018
4023, 4024
4023, 4025
4024, 4023
4025, 4023
4025, 4026
4026, 4025
4026, 4027
4027, 4026
4027, 4028
4027, 4029
4028, 4027
4029, 4027
4029, 4030
4029, 4032
4030, 4029
4030, 4031
4031, 4030
4032, 4029
4032, 4033
4033, 4032
4034, 4035
4034, 4037
4034, 4043
4035, 4034
4035, 4036
4036, 4035
4037, 4034
4037, 4038
4037, 4042
4038, 4037
4038, 4039
4039, 4038
4039, 4040
4040, 4039
4040, 4041
4041, 4040
4041, 4042
4042, 4037
4042, 4041
4043, 4034
4043, 4044
4043, 4048
4044, 4043
4044, 4045
4045, 4044
4045, 4046
4046, 4045
4046, 4047
4047, 4046
4047, 4048
4048, 4043
4048, 4047
